1,0.8731974603858,0.877039503632009,0.770937495027324,0.510337381158323,0.609346762492765,0.896885268733384,0.743549448191591,0.804223621821128,0.608251893153795,0.829887967395641,0.742402671787304,0.816589272542922,0.754930044481919,0.83287703427324,0.72451080647202,0.795923848664871,0.695866489860366,0.504540468406508,0.411934819616339,0.695913965932406,0.675567140494573,0.611489463975168,0.66329932903304,0.765259992500707,0.831549215555706,-0.233124886313074,0.104054695825616,-0.0768867361515054,0.548409513091998,-0.288488722773153,0.393538978865153,0.200412238296791,-0.297098081470659,-0.358344286282969,0.604179641634195,0.67773100799012,0.631401708550601,0.149231045829322,0.572690808830426,0.40011486901016,0.426150131937429,0.0271125079666151,0.24332614013379,0.760322259054967,0.630276432034377,0.564146565605165,0.582419901631954,-0.100889788472279,-0.487854710757614,-0.110665784698498,-0.522816033404001,-0.344081429137694,-0.689023246292684,-0.145526455572645,-0.390638173395172,-0.0088204946284841,-0.460986366907681,0.128054267140835,-0.350244439872646,0.759247314012805,0.708660317872788,0.689912560737164,0.680550181275848,0.671785001395465,0.581129390828425,0.880055349025383,0.808909581297866,0.438834240958417,0.439726180361994,0.798731235569005,0.641363393364236,0.525773709066142,0.182457881980214,0.195421335181732,0.406410609863017,0.274144296583957,0.00828839164018053,0.340398548582986,-0.0407821692586901,-0.0389572175965062,-0.220062186877938,-0.158495826020416,0.269625185207941,0.652885903433203,0.503192838211145,0.287565558475533,0.201818897914679,0.363422346469397,0.34248739660521,0.675962969489859,0.659126133094098,0.219798116869555,0.183196203523435,-0.561284424201568,-0.579181489497804,-0.0239338620140103,-0.00222957410675873,0.624607405262123,0.645742637177987,0.133290731161204,-0.159592181545142,-0.388816665426052,-0.289731720181949,-0.149717958534908,-0.258820840490765,0.0219280239278515,0.0855679529379208,-0.698815382059836,-0.604081311668651,-0.361410389307817,-0.189751392024461,-0.518140214469964,-0.317012912448922,-0.695616728290638,-0.674126280098732,-0.0764567076141898,-0.204644791824473,-0.61083906536499,-0.709322928495711,-0.39780807418768,-0.736446884193122,-0.270824917391777,0.295485233460448,-0.628017715369663,-0.115104332017238,-0.0485264821579446,-0.438823222989112,-0.121246105648266,-0.387679473117109,0.318908129361118,0.0281403523592302,-0.293323560769653,-0.343102471199041,-0.471150412681798,-0.171749838745191,0.78249364847301,0.282982722306305,0.765572126979688,0.728205229938993,0.619753949238071,0.638663400545987,-0.609870049330957,-0.272750360113939,0.170878961185793,0.216163417338893,0.518444398395439,0.375645423203143,-0.139594875230955,-0.329369208790005,-0.229042500888987,0.118299908049534,-0.41465700194603,-0.411893320144417,-0.433789803961535,-0.471802332189521,-0.11713906258509,0.399994443172622,-0.100094642523253,-0.181556632627839,0.531309328142257,0.287751532321883,-0.186992080083815,-0.180298198706692,0.177704122765356,0.288321943750908,-0.113599488229328,0.0906873879246392,0.0300139128788866,0.0119974379168785,-0.455468176309721,-0.583846796619264,-0.374162418444599,-0.0636940684395634,-0.604371366666306,-0.562134319821129,-0.608735653546172,-0.367077047790283,0.274512857075864,-0.0547284965326877,-0.7178019756883,-0.140375455010934,0.676770416305893,0.0766240952822593,0.552039347341604,-0.236351174338851,0.451490146776822,0.429900115090489,0.159177750371224
0.8731974603858,1,0.723537262925084,0.760875509377405,0.3870978044388,0.556759225304897,0.747035004738757,0.807702907511302,0.641030845140519,0.624091234270332,0.778384764487032,0.773409096979524,0.700451396043446,0.751580747590133,0.727499511074216,0.749970829742897,0.676256368977536,0.676150384053052,0.454897955879853,0.438738809729969,0.545641674234622,0.551832333930333,0.423542598008444,0.562544140015714,0.670496270281234,0.842134245342159,-0.292340009053846,-0.0381966187782515,-0.0705268897490385,0.641798136380909,-0.11727374343108,0.378356355183915,-0.0471626805339668,-0.353894557148773,-0.267577012434592,0.731710546223484,0.635800879255377,0.691379578396204,0.206088178708092,0.538066426458167,0.415914535563506,0.409484187267524,0.169727365631625,0.263604599919791,0.701632264202948,0.664716613991663,0.563488645150538,0.550298812238104,-0.16321296325772,-0.414588877552277,-0.29235809652356,-0.493806693569856,-0.319175867018665,-0.628193446200109,-0.234611240433192,-0.372033176842506,-0.166871958755475,-0.477313535805725,0.00713472130321414,-0.313007869194042,0.735903802785161,0.749951899784397,0.592072618404782,0.652547829656344,0.671372930584465,0.542413633941743,0.870176661104385,0.897052784557364,0.26351806864175,0.324600309622912,0.759538367085692,0.730226245930775,0.56311175093156,0.327869740490775,0.2341619575004,0.434641016184038,0.404857158688028,0.0616019729828739,0.438465944834422,0.0910124705536086,0.122395498150435,-0.0255730359229421,-0.0722126408551805,0.357039288039507,0.581987226955241,0.433116932888532,0.375631377956611,0.230726138201574,0.445109267627648,0.380602821895339,0.591537418625881,0.516411870181591,0.262645839132284,0.206140342849906,-0.409911060762786,-0.431564863678791,0.0504653838947419,0.140771041239757,0.605153835864765,0.575876534939318,0.153901873084935,-0.0528127207364197,-0.223589600922562,-0.113183025859051,-0.0372788343412049,-0.0612560665289814,0.057115468075876,0.148785793230207,-0.532592572060958,-0.402841347464403,-0.246579158259563,-0.018543089325052,-0.330052258969246,-0.141480156265882,-0.507211708510662,-0.502407468429465,-0.166124115953626,-0.240109128636815,-0.62502999735585,-0.69331892211941,-0.387631019235326,-0.671257228895849,-0.319687781548571,0.33099421523768,-0.596075339849296,-0.0983911488564554,-0.125686402178612,-0.3468661090565,-0.147930886799245,-0.358150729255623,0.429380151048884,0.151287916645194,-0.111965401473286,-0.169551827750139,-0.383197133526024,-0.0809389538350344,0.769369868533486,0.41433704512347,0.732281141673284,0.825062714261783,0.542819824975468,0.6387803308159,-0.547135674914653,-0.205320210686737,0.0566269002165124,0.144262542689474,0.559905174879225,0.470926097726867,-0.17012522058801,-0.32822575332448,-0.319104827131148,0.00560625781780887,-0.310024460034823,-0.343379585710027,-0.474918107492316,-0.572570132969366,0.0395893781124889,0.482263952732469,0.0281913578650233,0.0568159408460068,0.50236038434018,0.324544952593685,-0.165451695784095,-0.0884301433086169,0.235209428305422,0.392789088980234,-0.0446031197286974,0.123690830018303,0.0979699663938538,0.0183686272584986,-0.406259631650818,-0.55687922782547,-0.316962477596634,-0.114932081553468,-0.469775562594315,-0.552777245242836,-0.543538300392085,-0.366749214691271,0.230831950521959,-0.0436029005880772,-0.54293613271618,-0.0224708845166281,0.750678542809944,0.129227030306528,0.609277100961852,-0.145028416490677,0.404264180076253,0.295499701890162,0.148344375944638
0.877039503632009,0.723537262925084,1,0.905219989207229,0.690381076984079,0.82200286209694,0.874402816995305,0.701986433293655,0.86178813842824,0.702810383845159,0.730680679198016,0.653889753340759,0.787713787173428,0.733426789884226,0.764845764201634,0.700532730542711,0.878246114593036,0.778424298327648,0.696432279886804,0.581431438888027,0.848404214098879,0.80832442999055,0.550763422925169,0.484334141767239,0.630321745063612,0.620576828909,-0.177169885597177,0.0085995338080278,0.104046653473507,0.379635487107974,-0.292332993744028,0.386981589160514,0.194705323730026,-0.369236575058738,-0.258811027746563,0.451708461456925,0.625746596701989,0.515793025683995,0.160122423245445,0.517137540263707,0.403326786837725,0.432279807296115,0.0644496451014111,0.240157314491555,0.691030458252086,0.487779155791707,0.491454243001903,0.521748593622067,-0.150583421585181,-0.562318901939204,-0.0465769163796814,-0.585307888550405,-0.255582779556773,-0.730859574598475,-0.159772272309427,-0.508905194398704,0.00132702784993897,-0.534047506383797,0.0858502212851616,-0.434237178867156,0.817927167666095,0.76207533973841,0.746480505067955,0.717129534277779,0.627338905133766,0.532281822014658,0.751688164853218,0.680914148378007,0.48891001331868,0.399860610684042,0.721801172810102,0.541562147108655,0.493932989875338,0.151227008428315,0.303378011951403,0.315869236036363,0.2377555615087,0.116390553578013,0.39892260152205,0.0261992708790349,-0.032118154599327,-0.191428249800286,-0.129117660377026,0.2233870416689,0.669337624509564,0.552423143819695,0.304721178726796,0.233490297855861,0.299588951364861,0.323766514403735,0.680262824327004,0.711694940526668,0.223024564295714,0.198292982344893,-0.555751922743,-0.580420153120234,-0.0585671711035978,-0.0550917440858142,0.630687653331702,0.664677933660156,0.096706366321003,-0.180007976756895,-0.433480891414808,-0.340913608900678,-0.201605222172806,-0.32066225784311,0.0408525509174606,0.081038152960398,-0.730443994807085,-0.636963815916791,-0.378280722115244,-0.222205997670786,-0.554640866753727,-0.386506904272299,-0.708109302480697,-0.680572938466402,0.0888306663927236,-0.0458527429590708,-0.50854992470035,-0.631027257814291,-0.297224875633611,-0.698949384862315,-0.148887004847684,0.331493627072671,-0.612556206422531,-0.0948313581767713,0.0833928264023593,-0.386632773241904,-0.0440873458154422,-0.254424311029647,0.382708089812363,0.107038965011018,-0.210267671437233,-0.281061156630827,-0.408076766464212,-0.187594813513441,0.710044792651406,0.263108513285349,0.779397089471684,0.680128101419085,0.568257691541602,0.514259359754604,-0.528245531942976,-0.288595825494471,0.182321586361698,0.181726430236366,0.56899866532535,0.352134649821147,-0.185233272068697,-0.392425431413989,-0.232159453650971,0.0979239475437158,-0.275170852481472,-0.315351726362229,-0.33272339978519,-0.482530187856171,-0.0309591767955047,0.343340722734374,-0.0920300520996439,-0.21273974345921,0.562586916243604,0.293023031380356,-0.157642617443884,-0.153750165801355,0.153930756630748,0.276212622509044,0.0131615636109001,0.190661203413044,-0.0148472277036262,-0.012924045213916,-0.471412839454758,-0.566445942791599,-0.328590475731529,-0.137401345409058,-0.462287076154309,-0.50237086683287,-0.575835484518222,-0.265629281162213,0.163028229629075,-0.127991751914559,-0.706145531893074,-0.133411059185253,0.534897835620381,0.0542690009679466,0.487405421658831,-0.190002915516343,0.400182767921455,0.368325258039448,0.0579679227300667
0.770937495027324,0.760875509377405,0.905219989207229,1,0.570858702768018,0.874336014550077,0.759385183733907,0.747876092434699,0.729508710419822,0.752208386896922,0.674465545220086,0.663450826651504,0.689591743206543,0.772039235331069,0.662941989530877,0.749635564456943,0.833929319286717,0.841300478267324,0.732361627696848,0.708914619316629,0.787520274302579,0.77620764111245,0.376362497495046,0.345367950215434,0.523688627080997,0.552702294962396,-0.24217520359289,-0.174965341382382,0.130471560864949,0.378631970263649,-0.150146495114641,0.336841623496777,-0.023788821493563,-0.455958257279987,-0.194576256889397,0.473218981643936,0.585148038792612,0.516080514569035,0.210671396595369,0.475663264921079,0.437799899272014,0.41755336264418,0.181617041096188,0.214857174752108,0.638746391223767,0.459525784061755,0.471557681545903,0.470368335217485,-0.2503022337887,-0.57360228934374,-0.161335505663624,-0.5856503394501,-0.180694514402929,-0.739598998365609,-0.262389100230023,-0.578873672221684,-0.101670155737149,-0.561900723413238,-0.0356083669966867,-0.447110351584246,0.854417702896779,0.848353624202206,0.717477365886136,0.738553020256197,0.626327485888369,0.467728330391913,0.721639172349963,0.726080625646951,0.326182440640693,0.285243460895877,0.68595304210469,0.61200936071768,0.542315861861886,0.260526957031175,0.377812338169827,0.316117475262768,0.336292393825184,0.254695696206099,0.523975516382621,0.170922088898603,0.112252873373303,-0.0728237928149716,-0.0298995456978227,0.340825450252335,0.596903520235274,0.522583665762857,0.359461160274871,0.268031031611655,0.34375661096523,0.376881505221905,0.662111607237823,0.643653884704837,0.242373976391346,0.213142417302239,-0.473680492800337,-0.473116438064521,-0.0327302461821109,0.0353870141948555,0.633732039620588,0.653620433539837,0.130270503578416,-0.124194432269587,-0.276153836580942,-0.222020301724512,-0.097044096723478,-0.198027567048822,0.0797149314544614,0.0905469193646695,-0.640781473424989,-0.551660099241507,-0.294381755502429,-0.165547859041428,-0.443455775954978,-0.290831239767094,-0.60780994313156,-0.600338518025596,0.0636950559110949,0.0154639867532061,-0.480510433148529,-0.584849678533422,-0.253667541784936,-0.664483346833748,-0.141652149565578,0.408077273773689,-0.55643013448164,-0.0602582318793249,0.0740794490271506,-0.264342497448982,-0.0197136238028116,-0.210270816035233,0.491744420780304,0.283621562387283,-0.038734296113633,-0.111812518851674,-0.308564823362532,-0.0866432582974212,0.702688486100668,0.393422221537922,0.778391831768396,0.773156865320318,0.511494452436737,0.4855968566651,-0.479623159646383,-0.23089550005461,0.122157978745269,0.159969820808819,0.63618601395561,0.472411868829838,-0.183484779106077,-0.449441910051529,-0.337192143648004,0.018318600882956,-0.174108651804179,-0.205657014365129,-0.323690405354707,-0.581733311038675,0.113547759658912,0.424732211674972,0.0135883703622401,-0.0897035528867828,0.559535424520252,0.3581291833287,-0.171444483929518,-0.11213218888615,0.183864950021923,0.363725520205537,0.0991651230716491,0.227749570405707,-0.0340325242760818,-0.0339614124278606,-0.430864348866419,-0.548667611831546,-0.259557610174203,-0.191402606504642,-0.333270327277367,-0.471265791210093,-0.539017792156294,-0.224881065871112,0.0735108556861108,-0.155191154362458,-0.597479040313662,-0.0825370794455633,0.555379491425361,0.0628903956475146,0.453239116265441,-0.101550016671886,0.307234335219123,0.223352903209064,-0.0658349586165971
0.510337381158323,0.3870978044388,0.690381076984079,0.570858702768018,1,0.742903370879745,0.585069297812769,0.544554442093303,0.742259272107435,0.666763769190943,0.378255779590942,0.344066910220049,0.455568380264046,0.365747564795408,0.424808014079719,0.358385355354857,0.5455270319695,0.45249559416757,0.502011190620567,0.374433985532789,0.563958697089382,0.519367154812743,0.479456498190611,0.275062901955225,0.436782927612778,0.28374380182896,0.0632715551493821,0.132008067030439,0.164310078145973,0.186509258021438,-0.0919553861224786,0.43856054244581,0.331615145080037,-0.0807498468054704,-0.0196649149860101,0.203860632640653,0.452030610790035,0.207842195465847,0.208884248290486,0.316756987503963,0.347399635754022,0.19321559039128,0.0603782699608142,0.107614642106535,0.441008131205075,0.339944145703406,0.309099432800505,0.421586827442578,-0.0408311402702172,-0.379718686043175,0.0929721221743752,-0.299983090143893,-0.293628992645031,-0.43124450281715,-0.0722519965995016,-0.344921326547596,0.166762113254802,-0.245485412781819,0.159295458177728,-0.283157025853771,0.495639810249497,0.440532993576073,0.485444163840783,0.440907195048981,0.35799974732125,0.350151950515267,0.439323317871821,0.368412385538758,0.495997131246444,0.459344547274311,0.401761143718449,0.216430562253794,0.280656363941878,0.000904416648217831,0.192843532614073,0.118596293528087,-0.0167665547492481,-0.0355666934243406,0.272373877423269,0.0205843795391875,-0.0244186650303033,-0.116087457254167,-0.198887652708953,-0.0152043102059734,0.392172033755143,0.350912243980369,0.170204969512916,0.0977495055110562,0.102018135642237,0.096959712584769,0.325641567208332,0.456844061046786,0.0250608927144904,0.207258108096358,-0.364732763881538,-0.328816748182649,-0.0268490168618207,-0.0466295484135313,0.321561639287331,0.380112593848623,0.117449929434496,0.00786459082047292,-0.21646941797547,-0.219401380203033,-0.201622802951597,-0.210826802700665,0.115354180666724,0.195260553766512,-0.393682366739417,-0.36164220482355,-0.195183654322397,-0.085094908555552,-0.305019061664444,-0.201829805842965,-0.370544517192366,-0.348573494326205,0.079480217235484,-0.08010025988266,-0.280414958896952,-0.402338632372293,-0.187363654445214,-0.426039442034359,-0.125497631319404,0.150842733356983,-0.438014778695509,-0.116102442067838,-0.119864013475245,-0.321170577139774,-0.0218345402975441,-0.225966514186118,0.226313858436951,0.00555794532786232,-0.101157118143781,-0.308557539957362,-0.214729005992456,-0.177402026498151,0.400690463535309,0.105214686321834,0.475571687122717,0.365928016857655,0.348375766832534,0.373641096230262,-0.258832942187421,-0.384346844285776,0.0479960132929913,0.0294258481912629,0.399518597384145,0.158118141623493,-0.180213594183474,-0.165333388133168,-0.141012703908475,-0.0262587225676012,-0.144491621647243,-0.210751149368242,-0.133848236981014,-0.287156232704578,0.0367667505495565,0.118011351085946,-0.0188432142293897,-0.144971452870899,0.319720509789983,0.0777597739444685,-0.0845160812868194,0.00610061047461477,0.0271181885222297,0.105741984422337,0.135729484945334,0.226653855288549,0.0573148039477141,0.0501186049808579,-0.447737538236527,-0.386155054844807,-0.30904211561801,-0.0951034437565367,-0.221185081031446,-0.385451773730858,-0.463365758132232,-0.171188426720303,0.220263553832925,-0.236799545725327,-0.41229390952599,-0.114837602713571,0.204231531642888,-0.0181712845715478,0.387898191467171,-0.0522628044152542,0.326390704440124,0.285782183765885,0.141186401056988
0.609346762492765,0.556759225304897,0.82200286209694,0.874336014550077,0.742903370879745,1,0.650571133753449,0.630504444108658,0.65914092472052,0.695310204644076,0.529262964301866,0.553413737194304,0.574290356289599,0.626912008380241,0.552989566844753,0.62295770474202,0.740910866886413,0.72897605524698,0.714556713554839,0.651886000544176,0.791503072246393,0.776693784009444,0.394119911275741,0.260872884364222,0.465709569593943,0.395779612098518,-0.0832710288746117,-0.164798388306722,0.164466010433961,0.158733713146116,-0.0460227496009289,0.366915340891442,0.0593965479446043,-0.38908009650315,-0.119503840519038,0.326964919430222,0.533381991681502,0.413279639704018,0.159402896404736,0.478011081354944,0.409541035580559,0.419038340722868,0.181052513008608,0.249260425061172,0.585711082630469,0.409223697946352,0.444811697979221,0.504366160704223,-0.185927401805088,-0.526132827510178,-0.0366131966403717,-0.504377965005903,-0.162277438762995,-0.636553305038511,-0.205413307698605,-0.558618590235214,0.00512843329368634,-0.468440317839535,0.00997267146408614,-0.41228856311126,0.750138898843894,0.723103467832267,0.650790196370607,0.666054544706781,0.538453241625494,0.435266265943072,0.568419903942155,0.547119066799429,0.347461512088361,0.371266098221525,0.55962294595191,0.459640799490857,0.445556519580992,0.194527597936489,0.37280279113251,0.259391084736036,0.166435664113236,0.109177734208269,0.415632435733468,0.104819544931155,0.0279423138275219,-0.0835660084088837,-0.174403262998257,0.147017427175221,0.548359935772639,0.489522986493486,0.256592907293691,0.204798736965538,0.220000612175864,0.242542549630232,0.540223565711182,0.566934320035973,0.144343351070727,0.17128121215934,-0.489931843828041,-0.461831914429945,-0.0659776604882918,-0.0238875993202605,0.504020870629122,0.542191088998143,0.0786851718360806,-0.109121036067482,-0.302349953061437,-0.219557913973951,-0.17727781928253,-0.250020347764873,0.08455436403512,0.0970855391606778,-0.55791082238814,-0.48286727909734,-0.248409434017177,-0.130956439034776,-0.402857997185032,-0.260644644325412,-0.533908481826936,-0.505503968530066,0.136330602952837,0.0105614500278587,-0.337161819632339,-0.490920299776713,-0.215302774943677,-0.603019004722453,-0.0966231433453766,0.32350893091813,-0.502506967033828,-0.0677605969662008,-0.00176850184904138,-0.313743075366255,0.0161376839086165,-0.188668689839966,0.391063972513552,0.143905893284963,-0.0866450434749576,-0.195425577692742,-0.241602230698878,-0.177445216996348,0.572952303950424,0.288700927265781,0.67688426960085,0.637487092344107,0.471169327873949,0.448455266485522,-0.380994210004529,-0.302768515023568,0.0545161573916209,0.0431072547457536,0.536351850353659,0.355957166936582,-0.189300208569368,-0.36387927158642,-0.252746425803224,0.019167946758407,-0.113599355885953,-0.248703803070791,-0.211654839471691,-0.504896946190422,0.0885936334067625,0.327373765255307,-0.0507931173129808,-0.124476435118684,0.502043835198423,0.234815801762903,-0.165297252911086,-0.0292313935413474,0.133514370664276,0.273466812057146,0.15026507935185,0.27146087347271,-0.0290255631060378,-0.00972798451138336,-0.457277547611784,-0.508028397597104,-0.252683799091367,-0.156024066314885,-0.195805238453575,-0.448242482536123,-0.553473689037928,-0.190575759789701,0.0879248127874089,-0.211257031467778,-0.527932893661362,-0.123125763111125,0.390026888679459,-0.00421467507883786,0.396789259546682,-0.0580329150921949,0.336888152311018,0.160458999471766,-0.0144020653476262
0.896885268733384,0.747035004738757,0.874402816995305,0.759385183733907,0.585069297812769,0.650571133753449,1,0.783580552780081,0.874872764444369,0.708505903564182,0.807115386679283,0.714913783722644,0.846374152311019,0.733163510494556,0.856071661579798,0.695806244588438,0.806452316238726,0.705187355824341,0.556439894370726,0.459892484603489,0.720488054780204,0.697336152536439,0.558619841300016,0.549182831702467,0.677558820068283,0.704073390457501,-0.191347602564249,-0.00944644746072976,-0.0319867953447122,0.488348560684075,-0.226944906683544,0.475677391802883,0.23062171999693,-0.384329400726072,-0.284765844342898,0.532260588332077,0.700883983742217,0.541102305535579,0.156380164199544,0.622745058743087,0.471024709837081,0.475047004508278,0.0844283937955139,0.351543285575298,0.692499447509426,0.534884616150357,0.545432547754964,0.57178762080912,-0.0938864489950079,-0.511731376981993,-0.0865914851220377,-0.651193094396535,-0.292567047440801,-0.716872466840549,-0.132628603519997,-0.388756127498553,-0.0627532410332692,-0.57176127990897,0.00358289261132189,-0.485827005062832,0.679786757001175,0.625995469504896,0.670797838113731,0.644738775498128,0.65356405475855,0.551129415151836,0.745724512419278,0.663317948717825,0.458891272509524,0.397417022351452,0.727940706805894,0.499282486449433,0.423370149818096,0.09335353164245,0.177080547839988,0.324223475053176,0.154221791612687,0.0016994370289164,0.310396324074531,-0.0685132014128707,-0.0393349761378973,-0.160569163268786,-0.171428482862156,0.237065837320244,0.660484218908064,0.507354255715643,0.252982974446626,0.136013726764871,0.317101161219438,0.267841971342303,0.70914717053289,0.726246239679776,0.239718958036631,0.16626757797869,-0.611859952838447,-0.606282895593108,-0.00349659299963547,-0.00109989143606325,0.630647326783112,0.680532578208262,0.139069180765365,-0.112933134032965,-0.420032519142296,-0.31355894521393,-0.128920221955011,-0.206352951683664,0.0149086260818602,0.131314728824735,-0.729348792005073,-0.645301661123583,-0.378488767567315,-0.138782377952024,-0.55645118185591,-0.356809559793174,-0.716031086998038,-0.690872134682803,0.0448426275417131,-0.104460931043013,-0.573436002924277,-0.656081620141939,-0.369031677056046,-0.707624992234323,-0.214109894589528,0.263990346773507,-0.65718274609389,-0.198882072485314,-0.0421836551902677,-0.456923101400087,-0.174064349935526,-0.36930711852753,0.287543335057284,-0.00025389656025572,-0.255110435460276,-0.310104854100592,-0.450885863016468,-0.236469608449769,0.717194589499608,0.183301557987342,0.726264204209084,0.645731162627625,0.534396949758167,0.574673364103459,-0.622646861906396,-0.348194046177078,0.200441395528039,0.211589001266307,0.473916815848327,0.265418769381946,-0.319522025904632,-0.469973828567439,-0.225383039355382,0.13413033138305,-0.407046191460958,-0.388398438054772,-0.406317992157106,-0.409300777508097,-0.0640591844622063,0.306739919256428,-0.138677139828298,-0.157889080288138,0.567967480222005,0.264243089761377,-0.129921163161151,-0.159503722327326,0.210045214371452,0.233631219222399,-0.0824611279078952,0.11940751853199,0.00663398758754738,0.0328420919314844,-0.509050773007999,-0.630933141211644,-0.454422842948745,-0.214989970833003,-0.593718341982219,-0.607429063359389,-0.647965949023772,-0.440113359404883,0.121130285712207,-0.145126363515007,-0.738242263532551,-0.109842316807082,0.557920968830715,0.11681965324833,0.560125056292566,-0.283497501816232,0.526326482406235,0.430961980272072,0.225208650715818
0.743549448191591,0.807702907511302,0.701986433293655,0.747876092434699,0.544554442093303,0.630504444108658,0.783580552780081,1,0.753756431009093,0.873062277281209,0.63217585135422,0.67784893247112,0.635846809673164,0.658228627348971,0.612401771168898,0.640355625407788,0.642735679770336,0.69009401064476,0.503662023453017,0.547832201121118,0.497383963234297,0.493688050878361,0.312809259122424,0.391303110645484,0.520443290362706,0.608792175413136,-0.297265796067319,-0.0722215152486171,-0.0422422797136575,0.616552883835136,-0.133111314191249,0.583697198951683,0.0334761185184067,-0.30178236216785,-0.231970840821253,0.547266980553591,0.539826851715872,0.460758825856509,0.311607313983389,0.505390065493043,0.475408092720132,0.34778566604149,0.280476783880475,0.219098065707533,0.505486845629079,0.515516858655864,0.433123000485196,0.440639642552737,-0.169870719262204,-0.496746943007212,-0.210589901796489,-0.495041140763962,-0.276932823981266,-0.655261541710171,-0.241763868569181,-0.451296524786878,-0.106830655029446,-0.444831299513361,-0.0531831769689262,-0.36987442720667,0.633944190821855,0.604700488398793,0.482044975402581,0.520975336250033,0.525474896735575,0.384767630972807,0.697060978209038,0.7078847460803,0.296462651085817,0.37444152016733,0.609236755713452,0.496085167951923,0.407580231729138,0.155546891155055,0.133887961535233,0.231097003399369,0.281612707974948,0.0535521096066965,0.418143420471739,0.105690228885578,0.154183540983166,0.0257831201064879,-0.108076083077646,0.254414198354732,0.523298365575406,0.362770978987715,0.27603483445578,0.20227095775459,0.340534195659009,0.267792113226493,0.579888010085854,0.520126953810633,0.208531693863928,0.159310889270671,-0.394584163856235,-0.330112456282284,0.0906917393690331,0.131444647059587,0.565204103860869,0.566800524320022,0.189086788765068,0.0643018305030747,-0.162768763199628,-0.0383870929704192,0.0248678538056853,0.00610045002306968,0.137158115561764,0.252892779579308,-0.474842219477873,-0.389711609126536,-0.125255823141482,0.0848852293631487,-0.267171154148438,-0.0934075105743479,-0.451499940072957,-0.440191802398666,-0.0674532717166423,-0.102612681906503,-0.554392610374314,-0.596975974753003,-0.374926576949828,-0.606912519605387,-0.343147361928558,0.254242986236355,-0.576844398133091,-0.124018245192527,-0.20052705692853,-0.283288162874189,-0.142591237192542,-0.332121577455665,0.414009670058292,0.174030660894033,0.0124705506975551,-0.211466125992273,-0.244345640773733,-0.136282393430298,0.620060895809795,0.253071229473265,0.645050202436225,0.697068185495941,0.34360143093945,0.546208457218441,-0.499887639393516,-0.369704223320303,0.0828919677876518,0.166834242821435,0.497706651880167,0.354756908628526,-0.251606603238461,-0.421306555132004,-0.286411094743467,-0.146768854027513,-0.30595901663276,-0.257215740872344,-0.37257590467126,-0.461119672037971,0.0384158689293612,0.298407376920684,0.0615573516218986,0.0836527448928542,0.533196702187136,0.291780645407209,-0.086806196074777,-0.0807612873424487,0.218545446219162,0.314468405906912,0.0649940811968735,0.190509317213344,0.0494763057076803,-0.0270900286739196,-0.471611925232027,-0.581594348601249,-0.334858520057208,-0.194267959796705,-0.424533676151813,-0.532860901532087,-0.565524119292319,-0.38826278800541,0.105213822496453,-0.231943613634789,-0.493881635650044,-0.0946719477539385,0.476546095069751,0.157466372080902,0.515149167076374,-0.0346762508582777,0.344980111091431,0.283627757756978,0.190728863916558
0.804223621821128,0.641030845140519,0.86178813842824,0.729508710419822,0.742259272107435,0.65914092472052,0.874872764444369,0.753756431009093,1,0.815457318138769,0.688159511658952,0.583533464892739,0.77784731184881,0.657731196718826,0.70890046509481,0.613545022186793,0.788147838045169,0.679293064021091,0.599113889685923,0.503694982377636,0.65035901204186,0.594759028110716,0.559116078173454,0.489526467290872,0.631052000631281,0.565543842743334,-0.131274303633837,0.129601289391987,0.0895745108204287,0.534844523736181,-0.27219546874711,0.46362818321395,0.313188683645479,-0.236669053267207,-0.222396809262976,0.44170128576072,0.629726776959646,0.430956582021186,0.248656711384663,0.44488432861087,0.472525834686597,0.338073730999671,0.122375496351336,0.142057513728935,0.580648290808024,0.433309814111569,0.416146103266759,0.456226648614776,-0.101888703307984,-0.520004497059014,0.038493450570291,-0.511039173458739,-0.322176147308007,-0.675956282157666,-0.111450374642072,-0.408075303573064,0.084281004500843,-0.428817172529372,0.107966715214466,-0.392924809085085,0.655104179724179,0.568132832174186,0.592450016664725,0.532144209018196,0.447269435615487,0.368065902849684,0.709413638224478,0.619022006577826,0.432916176416765,0.378557785914307,0.669970709145632,0.444937824633108,0.414488114521443,0.0583966012777185,0.127689725116204,0.142816832111232,0.0877963763206975,0.0021100502815676,0.344258461943657,-0.00373254043535754,0.0176210487949075,-0.193885231287048,-0.192316934031987,0.113846475703619,0.559497966056931,0.403854189448302,0.222811681752037,0.120161369445943,0.229818290203896,0.178652995762899,0.603368007480293,0.677753723435683,0.139735455037404,0.162191027699562,-0.516503757227398,-0.498386061836938,0.029403270761387,-0.0508478476040888,0.586607279948992,0.614797418319242,0.174421944222312,-0.0453311815161417,-0.376680998660679,-0.329404644398629,-0.106767384913419,-0.198844702896204,0.0851653123247495,0.171316828534559,-0.613962563851493,-0.567035136905501,-0.301679101477219,-0.147542258452802,-0.467209044950309,-0.311411545260986,-0.587568159794387,-0.562304448191598,0.0744918746356315,-0.117732985930275,-0.488029460570222,-0.627109893147454,-0.28299485741332,-0.623997790585397,-0.260136345200069,0.164887974873655,-0.614788555333036,-0.165836298138995,-0.0794175267584085,-0.356426889579024,-0.0812018625366513,-0.390791176364459,0.312759596102585,0.0589344154669523,-0.173508918199589,-0.319281326768605,-0.372277681890006,-0.16014663047445,0.636004760054742,0.180899796001237,0.675318238835118,0.562171996918946,0.429908266057292,0.435960383466657,-0.518256833906492,-0.38807939541083,0.107652680539485,0.153019636203466,0.488373031072279,0.271465693963817,-0.176070104419951,-0.320351176360337,-0.187483213099449,0.0314385805860994,-0.365907325913531,-0.339806649797186,-0.290793752729207,-0.387932450066131,-0.0464418714447346,0.249628784497461,-0.0193608458914602,-0.166432143622227,0.467697152932049,0.148873424366999,-0.11106515578057,-0.189466272822552,0.142141503934488,0.169986822242503,-0.0133375531388603,0.180677510680394,0.0196326627221962,-0.0189699483896739,-0.569261471798253,-0.567398314949042,-0.407808340054228,-0.0999771373172497,-0.509851084157938,-0.560936700934269,-0.568325236252673,-0.368469553600457,0.250682282956054,-0.233567912208003,-0.630073617753391,-0.14109084790474,0.465092963138433,0.130076169009606,0.497018875699039,-0.15092652315119,0.435394558625955,0.412080256583331,0.155525462508021
0.608251893153795,0.624091234270332,0.702810383845159,0.752208386896922,0.666763769190943,0.695310204644076,0.708505903564182,0.873062277281209,0.815457318138769,1,0.485551661445696,0.498443563665638,0.552750132436154,0.552484720379231,0.474232990016339,0.522626798284385,0.620324418512594,0.664956162331271,0.595417131394332,0.634779712267907,0.505880866779511,0.488866125114433,0.322983984089233,0.27966918250825,0.412179284259756,0.388174508530037,-0.191188752630827,-0.0206078312378393,0.0905670810626329,0.52796435938977,-0.14098959102342,0.565336672618417,0.170987443952427,-0.185830083357056,-0.125831625060169,0.379632191775543,0.448511669656408,0.294138870304547,0.351012468774814,0.361770477915736,0.458515996148494,0.201345885015962,0.329576316550962,0.0783180983757116,0.381275280084937,0.368532120375099,0.288001335974174,0.332880911979308,-0.16010037786538,-0.480887030975874,-0.130068848826824,-0.473551687627507,-0.177047661224819,-0.619111305389686,-0.190413197945918,-0.445123122744496,0.00338395652282651,-0.387103586643672,0.0044718928266376,-0.351829668153125,0.593981424377574,0.544315488871372,0.457370750764984,0.479615197647009,0.390077518286634,0.274881415171945,0.563582253863291,0.571302717635876,0.352720855354208,0.371096924392443,0.480117757921531,0.366297282515376,0.299083977462472,0.0491347372756956,0.148218571920104,0.0498858406996627,0.204316743268505,0.112650520039257,0.390022476212916,0.116886304934171,0.143355366277216,0.00414116262954403,-0.04570821885131,0.189329427067089,0.451160188881252,0.334470012234362,0.258367781235698,0.157212383264469,0.267325914310276,0.181186305514439,0.463146232440025,0.504086995802278,0.169115247815206,0.146346675961563,-0.303409341760035,-0.229400738661119,0.0985735531421028,0.0808295249535464,0.46960893648314,0.506707262463077,0.234878763963319,0.0751815347633149,-0.136920057804555,-0.0560055945682648,0.0423952377499484,0.0113642807355453,0.216745690789086,0.283693412859807,-0.403072746454654,-0.36997298359882,-0.110793547827085,0.0399048478834884,-0.241456161958844,-0.111303710125008,-0.37881940466521,-0.381311027858683,0.0109930115925093,-0.00521096240615495,-0.474605054626847,-0.506449802597629,-0.273313846649456,-0.508276305322732,-0.301235428713353,0.213477308798548,-0.544781957481646,-0.137042915161514,-0.163707274145934,-0.204754537055789,-0.124130274132827,-0.312997852119577,0.409403666604439,0.216332866746066,0.0557993314371299,-0.16232399409313,-0.190060648014738,-0.110344421060077,0.489778737240839,0.185408247791508,0.554924844729861,0.581547546379611,0.242763396798678,0.392667161062925,-0.383680994275641,-0.380989541936438,0.0873123065718096,0.173742342344906,0.470411157159495,0.280576987918506,-0.238913153038199,-0.386509753729883,-0.251167000327684,-0.146000281211694,-0.257231462512428,-0.18886301912958,-0.291350280048806,-0.425498967758458,0.112919160358918,0.195670890207653,0.074343497972658,0.0366269605090038,0.446937209769559,0.189015098287524,-0.0943916435603242,-0.074830751878332,0.194085180820677,0.265321717631466,0.174250770471395,0.265859139227036,0.00711087641260193,-0.0401674820679189,-0.511228307197117,-0.495579053491773,-0.342326874449339,-0.181303418692589,-0.332301494658013,-0.499869400470392,-0.45789508460565,-0.309880091922382,0.12057709284189,-0.33064373053631,-0.412762691476496,-0.117058655193767,0.332518919283495,0.149618416256451,0.421249405383765,-0.0428473533475759,0.29852011690829,0.306687123208776,0.189392781339726
0.829887967395641,0.778384764487032,0.730680679198016,0.674465545220086,0.378255779590942,0.529262964301866,0.807115386679283,0.63217585135422,0.688159511658952,0.485551661445696,1,0.889909692596392,0.926850861363262,0.868051824498814,0.948127654636715,0.887225540722563,0.816470174604532,0.737328575095578,0.422631713804571,0.360018321422017,0.664526964887727,0.636851407912585,0.529083124349731,0.604169134307292,0.809284138379298,0.855019457504486,-0.186823340956726,-0.0313401413131924,-0.0793889379264442,0.626069445116957,-0.256152706030343,0.34807954184446,0.122477400960417,-0.419264884661016,-0.345081787812623,0.731725539342717,0.843828527333689,0.79754793547344,0.154322737909962,0.694389420324523,0.574420481065553,0.607569281103584,0.106706247156889,0.360832098605972,0.789431263769443,0.639553408739237,0.628626778057483,0.623866941165642,-0.00383074137238637,-0.399423434475404,-0.0885981658384803,-0.582273548593762,-0.305137454574753,-0.617861402957782,0.00847059523446686,-0.33327672793806,-0.0232268433979508,-0.4781573886734,0.0811898718785059,-0.383083581118464,0.7173661916563,0.69235339923922,0.657707760589145,0.681116869400498,0.645262538131506,0.58698864455769,0.834917112938401,0.759476373491118,0.324018564632041,0.308849770946347,0.922930348483653,0.776944821076279,0.593170058218626,0.312282449363144,0.272586853374692,0.483315942453395,0.142613718722897,-0.0481031759482942,0.330342509968216,-0.0185828905392895,-0.00345933823772659,-0.189767586975682,-0.24030499713079,0.145117378529474,0.598418650746993,0.467431621172648,0.258881129322284,0.118520139755181,0.412745863720528,0.334726020304583,0.724543778665725,0.684409518167592,0.195737164732632,0.165324748646258,-0.622480077283942,-0.650361302501614,-0.00658427318850532,-0.0334287730342564,0.667014028969567,0.680375047833462,0.000223515760579492,-0.14239830159989,-0.455462673830856,-0.33692439899232,-0.200485275011427,-0.188880252598515,-0.044711119259041,0.109397562629314,-0.67882528595138,-0.576282953362772,-0.390949572943012,-0.148236496295995,-0.511802438405882,-0.295440601639736,-0.652363012234264,-0.626934611491675,-0.0886028859743071,-0.336049303491663,-0.553256771118463,-0.722063280692875,-0.335733801667751,-0.678551214323069,-0.334405373118071,0.250006896415339,-0.596597488184799,-0.175786398031899,0.0437539164367529,-0.33136078508375,-0.108294271623102,-0.342487949195586,0.323956478600752,0.0514288608783688,-0.264050013362428,-0.318991569993999,-0.503872986164503,-0.222122369690475,0.858375206534197,0.402477856341851,0.757227328148105,0.682437310872481,0.669235324900598,0.644471680446794,-0.648550178530245,-0.283444790980395,0.0753455733500773,0.167859355524054,0.536422556085175,0.508455038047072,-0.0754204283452646,-0.280025086175429,-0.191582720185086,0.220111036804297,-0.444942266574537,-0.467735925528531,-0.372794116679433,-0.459710608340552,-0.046567437353883,0.486492046690298,-0.0982564183858973,-0.134145899552451,0.520807807718118,0.34073752730873,-0.181837484287351,-0.228289638257863,0.258509690833957,0.243146789837561,-0.0893634524455955,0.12846218850805,0.0483278312435963,-0.0453512742796022,-0.499588056799335,-0.566725754182992,-0.356506632840138,0.023556533732569,-0.501167797293372,-0.558519264854451,-0.568391484210891,-0.376052070969105,0.229237940801738,0.0214099622618271,-0.694437423525152,-0.0770989174547375,0.788656797270406,0.0805045982652474,0.643524666184456,-0.239289898184836,0.627214650014968,0.393900348703605,0.16836987179225
0.742402671787304,0.773409096979524,0.653889753340759,0.663450826651504,0.344066910220049,0.553413737194304,0.714913783722644,0.67784893247112,0.583533464892739,0.498443563665638,0.889909692596392,1,0.85552400504493,0.906647832720607,0.85677121900657,0.93958908081013,0.787747907937596,0.792940213536853,0.453001764132678,0.468201348653202,0.675021043009358,0.66406193716647,0.365826536135356,0.49096519648112,0.694591165415027,0.832095585240955,-0.219999651910593,-0.0926428428101599,-0.111778096749827,0.646928451900051,-0.201201576225452,0.307130886555037,0.000258135994347448,-0.469895679698487,-0.3288250956441,0.752925057973672,0.790957490274685,0.840898193038918,0.162719627501919,0.675857010048843,0.606408181856006,0.61002513081811,0.197572090359753,0.376264848735153,0.771728738288595,0.673871751277314,0.676061372233254,0.680983616566967,0.00855908789067211,-0.383406560096103,-0.0831733279437058,-0.521632889292649,-0.226223391036569,-0.595371269830025,-0.0287452537374204,-0.36348674107713,-0.019374097512086,-0.471546798466329,0.0664559155037442,-0.38467651820243,0.722997538703174,0.698779495738569,0.606922990955603,0.657591990461108,0.63780210858098,0.554325826975383,0.773555055352247,0.725742084156345,0.187080896520738,0.214746290242685,0.898611149540108,0.830606202821371,0.621856466791149,0.406441845094646,0.374109432240712,0.562052688236934,0.191792088352803,-0.0294102258261097,0.3477503600139,0.0488704434252617,0.0898006834484372,-0.124436166849944,-0.332060799598227,0.085441156248039,0.561464327497975,0.418473240059348,0.274161154056247,0.137595147375799,0.427704929406355,0.363752071172279,0.693120030390496,0.601959926938497,0.174125928547361,0.146109369669579,-0.598010099848488,-0.59517731187393,0.0267608301734945,0.0471099849976741,0.645202035911217,0.655926903612879,0.107057529302708,-0.0773111103518352,-0.331429551933286,-0.179153001757926,-0.120592482488432,-0.153799700859696,0.00645702614429646,0.103198399885725,-0.583086338919155,-0.468855282067043,-0.264535695763576,-0.0137516573965588,-0.380043341327223,-0.144131741653251,-0.53302010526331,-0.5209274075522,-0.12690734234511,-0.363950227739909,-0.559121972405374,-0.718749184420932,-0.304997351098499,-0.680242526742849,-0.368510546411842,0.232794270412237,-0.517225715498136,-0.114229728293892,0.0243117361967189,-0.284601975660399,-0.112607322845534,-0.305779699191571,0.371694412880949,0.111881719475567,-0.147172781431459,-0.278617817378014,-0.39175095577108,-0.269907236132936,0.821472369117104,0.468484791570873,0.738711990989231,0.728006710889915,0.658981735098086,0.703438756469464,-0.623649860285624,-0.223416737286452,-0.0140135300063981,0.0532543994661797,0.543528900917534,0.540871909501386,-0.0657753926621615,-0.280064343743698,-0.172901601727416,0.1101599630165,-0.3983850216048,-0.455594337732696,-0.396012491969525,-0.537491585648214,0.030115471329234,0.498411730802997,-0.0503599059794673,-0.0297045224586748,0.572763565104585,0.392138089481792,-0.164590363133045,-0.181378748499357,0.274997964875599,0.278074446408354,-0.0618021383778759,0.13584173787525,0.03951075023416,-0.0360349063580434,-0.43968726988427,-0.575496381555259,-0.281550353550353,0.0570713738493691,-0.3428400763527,-0.564969203671908,-0.566745860912895,-0.347366714625714,0.179784193487526,0.0369644028619737,-0.603411388831293,-0.083647649412409,0.781979548377326,0.119243156809715,0.649176749669409,-0.12513048873934,0.580366098452804,0.256134866844257,0.133798308386606
0.816589272542922,0.700451396043446,0.787713787173428,0.689591743206543,0.455568380264046,0.574290356289599,0.846374152311019,0.635846809673164,0.77784731184881,0.552750132436154,0.926850861363262,0.85552400504493,1,0.862327318826061,0.953843927006671,0.856206209290723,0.873065036138778,0.766820000526446,0.470257380052135,0.43812129007792,0.742432569360447,0.711574667199839,0.555199683592086,0.607515533596559,0.788646763352921,0.804714351347241,-0.184374369908851,0.005388579831772,-0.0691392023826125,0.594949279835463,-0.334670992653211,0.386027412763472,0.201920432660845,-0.438684632846667,-0.360945456679983,0.652077736719838,0.822825029220798,0.757934074515084,0.199015397044515,0.700052747858313,0.584609160632235,0.631510619805504,0.132238104600883,0.375671111257312,0.778672042761763,0.598542117651568,0.591078264721527,0.636791917539944,0.0243088103350747,-0.444643121822441,0.00263742926578661,-0.630788971624961,-0.242235089113488,-0.657034107211939,0.0469860827695969,-0.356602776647939,0.0354716539590678,-0.508472198280816,0.100337187717485,-0.419061113030421,0.688494471043106,0.632128855528467,0.677942097480473,0.669359974598975,0.619197520190264,0.564551538332927,0.768048568315941,0.670433218944448,0.368441151709679,0.311237440756604,0.874069501750495,0.674119084318109,0.550258085449507,0.27930725097495,0.2950471855192,0.444442835844993,0.117761348463908,-0.0355239111980816,0.292818300445258,-0.0648342040066707,-0.0343334655491271,-0.264778791550132,-0.274360373079928,0.0771576426694891,0.641347764977051,0.508691893156937,0.244475460585718,0.120416249897512,0.393607532816581,0.31152382217329,0.743464483091809,0.745450042691793,0.191660238305475,0.118267823753337,-0.680599387436121,-0.694696100253248,-0.00605932407713,-0.0772438613404611,0.655563618503587,0.710448121355663,0.0403377920123074,-0.109940159644319,-0.46127733295291,-0.355894303755452,-0.178583188326424,-0.253676665382606,-0.000338985331248024,0.11048560473909,-0.734245401944849,-0.630396843551824,-0.397390831240209,-0.154625911986863,-0.574371769427045,-0.341742546909502,-0.699352559795212,-0.666690430202191,-0.0278966176670951,-0.289162058686439,-0.579089436262795,-0.729055708634889,-0.336137894856268,-0.705944316789196,-0.302797403912207,0.196506088888145,-0.582285955646142,-0.168783705321325,0.095190060593851,-0.354532193960675,-0.142867463218789,-0.334664172529732,0.295718770884022,0.0237694269744919,-0.254686152763061,-0.369284610421223,-0.504764443365618,-0.263852555805405,0.789494096886847,0.309807541301797,0.746701530010047,0.616706415070467,0.674962886023668,0.602390144866514,-0.629496647283128,-0.307906850275231,0.130058549937828,0.188353905467673,0.487900481623776,0.408040823311466,-0.118536525039722,-0.304415715493421,-0.102103453378206,0.199277008472735,-0.438781399848764,-0.468003383527851,-0.402790501492874,-0.450102996220238,-0.0929926443808696,0.436066667324846,-0.134652335525315,-0.16134022184999,0.564948556577518,0.344992706387467,-0.179485536956066,-0.267293122939216,0.251670578356651,0.187115638288062,-0.0996666428527635,0.124612141040734,0.0463042696019238,-0.0183340970423877,-0.500108767473464,-0.590968294388272,-0.400856045163968,0.00551586339264658,-0.482499452833528,-0.561293789577653,-0.583291069868021,-0.383987534126793,0.215007886838266,-0.00244360973265719,-0.732863979163701,-0.136116149975829,0.709099993176661,0.0865579070457887,0.615549155441672,-0.274863384807907,0.639932722533917,0.433027845538553,0.208403476319854
0.754930044481919,0.751580747590133,0.733426789884226,0.772039235331069,0.365747564795408,0.626912008380241,0.733163510494556,0.658228627348971,0.657731196718826,0.552484720379231,0.868051824498814,0.906647832720607,0.862327318826061,1,0.829797466184527,0.965293036540038,0.863252537449742,0.881915582074144,0.581674914403101,0.618223876392629,0.747920973553249,0.725007684269333,0.341958854794444,0.436143877086368,0.634301131615696,0.754428528608976,-0.252719145965616,-0.185967252608219,-0.0323182389657622,0.603625734935516,-0.196937811289208,0.223921016538105,-0.0676483209305347,-0.536901329640793,-0.281435788596401,0.71461296226793,0.781793201747234,0.812720632562387,0.184857464599074,0.619299188481599,0.630370842671395,0.634701547182681,0.220386655628551,0.342917868421725,0.759434044288906,0.622192416108074,0.637045703631698,0.624437863196067,-0.120554232002223,-0.494679846087961,-0.105262976615673,-0.595329993487866,-0.194715850250673,-0.701021059677537,-0.145055104341262,-0.476056019211935,-0.0774934780103641,-0.553374407040809,-0.00268140986825979,-0.447808646227645,0.81890664061348,0.784264714359297,0.698568128184873,0.714225229517043,0.641221368817927,0.523813993264552,0.803193787317359,0.759345673397381,0.134714548304106,0.152143427201659,0.896166037579441,0.83231263302056,0.671388463989938,0.431108777570925,0.440108952069459,0.510888580333226,0.235758220362966,0.106899636586371,0.464889725054245,0.10837862160988,0.168950598226863,-0.13580641447103,-0.240334532163155,0.163274297879083,0.564785407592961,0.439390759578484,0.309149272902868,0.16853614637783,0.416545937048632,0.373507240791659,0.754228711369445,0.651480105131058,0.247041026544645,0.202112256510976,-0.610255407428115,-0.60492022939188,0.0818616238530686,0.0909549849530086,0.731577240963447,0.716304337762441,0.145211192440913,-0.0631169876100061,-0.311847571035888,-0.222587909648164,-0.0802185075340547,-0.145847524805849,0.073540896059094,0.155719926227703,-0.62820387972756,-0.521203212605163,-0.269069787060581,-0.0540333373431533,-0.401349691281603,-0.173743005183454,-0.545819240141339,-0.535655720527616,-0.00624726651637741,-0.253233056090892,-0.522479590665583,-0.696317115987578,-0.24932265421905,-0.653193454804577,-0.299313152844894,0.293411201431664,-0.484120954252109,-0.108351306468967,0.0843185864779269,-0.218999181913673,-0.0459232440062674,-0.255730200025055,0.444106496754476,0.187935713848119,-0.0923386524314285,-0.195237607377598,-0.375989319967561,-0.178106625595019,0.841309649266209,0.507371714476829,0.808614182243466,0.772978404754633,0.633539265010559,0.629234606601122,-0.587481982831692,-0.183545396950322,0.0320838632923739,0.0777438153727555,0.599120409374016,0.572695129649648,-0.0602337155501392,-0.347363161077929,-0.23858463418974,0.0666163638980393,-0.342798135433011,-0.385689275095973,-0.359900833450013,-0.570755405904445,0.0474030358063828,0.527302155740789,0.0216640225220016,-0.0486842460893612,0.615638486215769,0.424520286844086,-0.102986574375954,-0.207565025493494,0.25397626562807,0.253450732565393,0.00916369225265226,0.190507483336423,0.0665698309840382,-0.0272972635695937,-0.417074275930261,-0.588063519754799,-0.248259149342718,0.0174190204274313,-0.306152852757796,-0.538528875793721,-0.557124362853444,-0.314420860196615,0.144040997759401,-0.000444056649396802,-0.625419106590474,-0.0904021202176079,0.781425418243521,0.156533614305122,0.60488076289088,-0.0949903038853481,0.53468012402233,0.207741486243004,-0.0148710209790726
0.83287703427324,0.727499511074216,0.764845764201634,0.662941989530877,0.424808014079719,0.552989566844753,0.856071661579798,0.612401771168898,0.70890046509481,0.474232990016339,0.948127654636715,0.85677121900657,0.953843927006671,0.829797466184527,1,0.837014635566333,0.833564114606497,0.724842924177231,0.393002006517157,0.33279955236159,0.705833046924259,0.694332551002687,0.557393469645462,0.599863415468902,0.791296383951654,0.832104991212168,-0.113440213472115,-0.0212995416636722,-0.126512113591974,0.555150344502775,-0.260040287603594,0.398736934722991,0.177942918922807,-0.459701648097193,-0.368036310447611,0.660412127000847,0.831548037174544,0.770629294572761,0.127332092793816,0.729430261236934,0.526520342833063,0.651795434952073,0.0657011918533481,0.453216738112346,0.801308617456331,0.590577266879635,0.630906022991915,0.667611838054423,0.00221069030087591,-0.434787682647464,-0.0361341799887298,-0.644566745494478,-0.28842106517755,-0.648814360759088,0.0284789806273549,-0.33522019923275,-0.0238345653684161,-0.537835056043356,0.0537241405638706,-0.457981584805259,0.66155495238472,0.64455329299245,0.66186250677719,0.68121445105186,0.649021727340142,0.605469253459158,0.751227931988855,0.665528643237282,0.390974815941802,0.330965176729463,0.879705740461561,0.696195957776107,0.546373465502363,0.262809299868743,0.270832319682547,0.497200221594583,0.0883533184879951,-0.067270974507099,0.277434121640675,-0.0637613376609012,-0.0789523273453962,-0.232381911772786,-0.263983939993678,0.114524880540522,0.63797633532091,0.501079191118782,0.203206770359508,0.0861349523057082,0.361915447859211,0.285399594079425,0.751769216319277,0.731353138282778,0.192074170808773,0.10805210490121,-0.699471368812499,-0.729194378798426,-0.0649499013649634,-0.103392060133599,0.646870483621595,0.680776919699219,-0.0102379345476732,-0.147518703455127,-0.502565881911648,-0.358196210140662,-0.202604072826254,-0.249422098197775,-0.0579073600673491,0.0927645746727433,-0.739139773109668,-0.618419390795271,-0.436106362192906,-0.151024978760246,-0.59227411664407,-0.349520577947718,-0.711546736620229,-0.687692625672328,-0.0611097797048735,-0.274126024312268,-0.554105061525962,-0.687734406980221,-0.3357251272901,-0.688277658080474,-0.289314720107307,0.199055007065776,-0.602447858454709,-0.209855206235384,0.0894583467934724,-0.395410438012279,-0.153594152111917,-0.319003368956287,0.265868767575106,0.000643949721180958,-0.303226965098664,-0.355007986854945,-0.538196267082209,-0.269601828577618,0.811599393400811,0.345180203220727,0.705063029761702,0.623346393048314,0.698296347898375,0.631237260913176,-0.656686427268527,-0.302756548414024,0.128181537697626,0.185416126406311,0.490245032692486,0.402601045002846,-0.161001292555796,-0.32007712677782,-0.173889426770555,0.224329087063684,-0.430929384991978,-0.433030567849017,-0.386939341811057,-0.39329231317421,-0.0863659355546305,0.404080975481929,-0.188969139967337,-0.173960108351258,0.542602512762467,0.346635549699337,-0.214897842612936,-0.257544508398391,0.247332787056043,0.198421191698729,-0.143700768777855,0.0894945756707042,0.0366961925736804,-0.0424536377559441,-0.486884900998979,-0.606617022045304,-0.415365834534294,-0.040057690408558,-0.520568355229377,-0.574821011783922,-0.611619291117027,-0.375283156791743,0.165331383686636,0.043460019055151,-0.742135948202801,-0.0864927819619846,0.73356176572348,0.0700551748190188,0.622354652058061,-0.32381428467866,0.643084631858535,0.414325342135013,0.232303958311384
0.72451080647202,0.749970829742897,0.700532730542711,0.749635564456943,0.358385355354857,0.62295770474202,0.695806244588438,0.640355625407788,0.613545022186793,0.522626798284385,0.887225540722563,0.93958908081013,0.856206209290723,0.965293036540038,0.837014635566333,1,0.843017531747349,0.849688696287759,0.551219883171086,0.57705994554358,0.723911313775693,0.704894255186506,0.363113438241019,0.456499665406219,0.672068520886179,0.77537996141011,-0.222222840278159,-0.148395845440177,-0.0135905528735216,0.616874436106698,-0.178088590583146,0.222900914947541,-0.0527098279763045,-0.514423120766704,-0.288609445769565,0.733971595960422,0.787641788305045,0.823744414145388,0.157044171588909,0.636201114173005,0.62172106341376,0.633065661891375,0.202944797458409,0.33538646585428,0.762809472385048,0.624447604433864,0.643024520061023,0.636851622422837,-0.0693657137245294,-0.444867061779129,-0.0942120078332941,-0.559380663584063,-0.210256491002924,-0.651793705265165,-0.0888625305326096,-0.44468367361415,-0.0427669594609119,-0.511598499951518,0.0292317305750448,-0.410291628642087,0.786939251921239,0.763527180809027,0.659780717162185,0.688863969934119,0.625453546889834,0.528956164709529,0.790038834345601,0.742863983082373,0.138937435675953,0.15781104668499,0.902151386000363,0.846348452132367,0.657122956971435,0.429908905152799,0.441511881750726,0.514153643312639,0.217708691019032,0.081067332943061,0.417822825575496,0.117657644152097,0.137849032596642,-0.122525422062194,-0.255581381212196,0.126011937058747,0.55515418563303,0.431067523074858,0.294977861297592,0.164000103899514,0.41852060229952,0.377633182163429,0.707332443410045,0.622824332544702,0.225398965198767,0.188046355610467,-0.587640724447749,-0.590939253455119,0.0526152938545732,0.0397864088540263,0.681070647039521,0.671256969624545,0.0858749502429576,-0.0823176839645356,-0.319681604851816,-0.213089463684945,-0.113486610978498,-0.15849602563546,0.0145715043489238,0.135696235237147,-0.607502708955124,-0.490639588299629,-0.281255998083279,-0.0425394810068892,-0.395528317916944,-0.17955399554458,-0.534212135651705,-0.520817616861113,-0.0408776606767264,-0.291123727478634,-0.506930428420513,-0.712145948138027,-0.245733321755664,-0.656190558293584,-0.328015731232752,0.264859130317761,-0.502607332971971,-0.101746717717373,0.0735971798467998,-0.222761735415683,-0.0389897647863688,-0.27378107334037,0.435200544324387,0.200171301301875,-0.100100563448781,-0.205239254322166,-0.387121507768126,-0.2085784849097,0.839735271750267,0.526549015278234,0.785398117593797,0.747361065052567,0.642970047411712,0.637854115024453,-0.588332524767082,-0.189763780041189,-0.00337750801660652,0.0580850243580506,0.591701436217689,0.602274419686854,-0.037379606396716,-0.309132321969643,-0.215367207200559,0.110609516209311,-0.36107734531221,-0.392198540966692,-0.343178969853862,-0.582971506800305,0.0642115346915197,0.538003526386412,-0.0179662954255085,-0.0438887758082972,0.582008676041567,0.424573147685,-0.152124828030198,-0.206641229286688,0.255293276931637,0.264346166535772,-0.00356318532331873,0.18818809822169,0.0262149097217457,-0.0634671267097459,-0.454014760294575,-0.56427301882151,-0.255008016392253,0.0498379585707652,-0.303175615983358,-0.51772714439908,-0.543614094703092,-0.314376170690379,0.175858011864595,-0.00185023274750602,-0.598153458106242,-0.0670144864114371,0.799073866986293,0.123174913266873,0.627505403731863,-0.0913122823172359,0.561724589799239,0.226710033072453,-0.00401134944858786
0.795923848664871,0.676256368977536,0.878246114593036,0.833929319286717,0.5455270319695,0.740910866886413,0.806452316238726,0.642735679770336,0.788147838045169,0.620324418512594,0.816470174604532,0.787747907937596,0.873065036138778,0.863252537449742,0.833564114606497,0.843017531747349,1,0.877797964383731,0.751090053913859,0.657911351285931,0.870574163092615,0.797861061241411,0.46236172837772,0.411622601911348,0.651796003541658,0.660563386443807,-0.127775125064271,-0.0982313781184143,0.121745001434391,0.441725117174396,-0.22065672812383,0.255043488194318,0.0579036888016842,-0.528505914407933,-0.303096690948095,0.525098769885288,0.704106005087566,0.637138063677985,0.0913784855212352,0.509400193803586,0.549139295846309,0.518724681294729,0.159676355834613,0.264248620087142,0.758087123631271,0.461006713164387,0.603554422254303,0.594109071475991,-0.162053945281645,-0.619349283083024,0.0344086835391655,-0.630260237011508,-0.218571124610014,-0.760529231681873,-0.135698032920945,-0.559743057861785,-0.013879315571782,-0.603659805472688,-0.00447687185413685,-0.537100283464818,0.798103246352508,0.753759887368154,0.740885649276848,0.711152344177916,0.615363108619734,0.479068177645622,0.749576069996088,0.672633088294285,0.320288774986414,0.190756824973499,0.861272175662253,0.70089073077938,0.628304383236991,0.30755673743825,0.434687894750136,0.364686573951546,0.213393144161364,0.176932015064526,0.458010563510104,0.095481099224537,0.0623395100353849,-0.177786976006948,-0.211856068198221,0.160153321845504,0.646979040595477,0.538425791305443,0.327891868442203,0.233163152304459,0.363466747134921,0.35466360063808,0.778896748989337,0.768949776023122,0.24577030570065,0.0892919018805526,-0.687519296936446,-0.724022699273543,-0.0298350183559779,-0.110743852184342,0.705713367099051,0.728938568735442,0.0941925653709987,-0.158974478409811,-0.454226244345922,-0.3979773673477,-0.173824330873173,-0.301887836456712,0.0332896148320208,0.0799837565729345,-0.758415498373638,-0.656375971867398,-0.391997854410035,-0.212959655195066,-0.566491408835751,-0.377475169558272,-0.710444964003531,-0.686402463355898,0.13565862113198,-0.100331310824626,-0.474178393801648,-0.643876291946892,-0.196618455152877,-0.678958552968461,-0.180954820067796,0.264193940126558,-0.574953003690897,-0.131701192418582,0.213225712716301,-0.303799769041637,0.0120150872311676,-0.23046907950499,0.442904848826063,0.204836650562154,-0.116020459072039,-0.225971880485115,-0.385794831076944,-0.181478463535744,0.800731725904994,0.423743701710252,0.807353066392934,0.6908618104943,0.662753616206601,0.505558551962371,-0.556077924784308,-0.286223233300605,0.115609022444189,0.110744238668007,0.676480284547532,0.463336020048437,-0.0960891641149317,-0.338117986638185,-0.267877312653424,0.12989120374708,-0.292219212189914,-0.298949553150353,-0.283255090965674,-0.494386563096792,0.0352500023448288,0.446954474360098,-0.0350678698074001,-0.154858163703449,0.596011440105272,0.346944976641812,-0.154018770320585,-0.243471736509801,0.192681318167128,0.217527606092135,-0.0414224614687333,0.130681021290927,-0.0401770657629062,-0.0723272759154615,-0.489428700843852,-0.583012796792314,-0.245179048616107,-0.0357486490366211,-0.362708070967532,-0.519558004283302,-0.584512169436436,-0.240086555718023,0.135662388228508,-0.0546348797771104,-0.743298527907122,-0.096319796556538,0.642041198847109,0.0894862922144449,0.484304387978665,-0.226867030417936,0.44335721211681,0.249620425698496,-0.044160425919947
0.695866489860366,0.676150384053052,0.778424298327648,0.841300478267324,0.45249559416757,0.72897605524698,0.705187355824341,0.69009401064476,0.679293064021091,0.664956162331271,0.737328575095578,0.792940213536853,0.766820000526446,0.881915582074144,0.724842924177231,0.849688696287759,0.877797964383731,1,0.668669290991208,0.752122941276511,0.775816755646684,0.744158663834846,0.283097441601885,0.327493239394312,0.530781701275974,0.589033415961339,-0.24055489728241,-0.249889823788101,0.0464246940557737,0.486697461852507,-0.190880580305235,0.294872167742901,-0.0174893931052616,-0.514752572232158,-0.287949548671833,0.563382891652141,0.67390523944495,0.677633225701776,0.191120105057062,0.522562096414707,0.599661332692745,0.542443702818079,0.259044132003476,0.282001086557486,0.664874467491087,0.474702283549034,0.557307184966837,0.537143623159255,-0.180799719778362,-0.598747899659106,-0.0417219425201522,-0.584668218970569,-0.131240179099012,-0.738297695418351,-0.178320275411377,-0.596734986316452,0.00875616826196579,-0.534661443640465,0.0126195787481876,-0.444747338425338,0.836554603851863,0.813048407902376,0.712873912456129,0.726465067747609,0.568055028245657,0.431996622438788,0.71694245188309,0.694358020075864,0.224668569513059,0.188342833175543,0.816829652860739,0.766846487463895,0.647163450583405,0.396082953209879,0.426709144621395,0.410615917472553,0.253633606023632,0.158202537986088,0.501917103176331,0.177812735348662,0.141601401361861,-0.0377807896063834,-0.140184559325617,0.217922243664627,0.577332515470697,0.48193988653123,0.306487174006885,0.15107462011785,0.342978483273946,0.283537185535058,0.750058219982268,0.670735864043867,0.269167205689792,0.140405697747222,-0.607084535676697,-0.591816294330178,0.00829656355309081,0.0334988700402093,0.709943697149143,0.69312935878809,0.152722301826119,-0.0754091856236926,-0.335725172033547,-0.236215659668214,-0.122750682560241,-0.161657421296192,0.130957009120756,0.13731746276,-0.657162496560324,-0.548159913167677,-0.251341314883812,-0.0537370344145419,-0.402097910876636,-0.196456270284442,-0.583913181784644,-0.58625984663428,0.0815251151436689,-0.0931357183791891,-0.445719071059462,-0.610798583628818,-0.200627247904295,-0.639906539493464,-0.263924111629186,0.295449202413429,-0.477314962787619,-0.126203016253311,0.193278570512465,-0.156000242259455,-0.0192464183748321,-0.189868897657927,0.483832641779021,0.251074895787687,0.016511231383224,-0.129462532931496,-0.266983757995225,-0.174374006806054,0.778153285555354,0.482766995784483,0.767378155709722,0.743015734669617,0.55061880588693,0.545842694378088,-0.487096004443635,-0.235692082128304,0.120933571620814,0.10926593741163,0.660253649444137,0.548032835866196,-0.0865148778026684,-0.352302142206327,-0.271923382983366,-0.00214263704912713,-0.230319369562957,-0.294731179059003,-0.346470057535396,-0.530716775119441,0.160897426154916,0.442240907000299,0.0609056927169216,-0.00748979807634279,0.636363652815206,0.410327595056897,-0.130100498313295,-0.158428259481629,0.206263602558872,0.214259317094282,0.0677684792024388,0.217903523577547,-0.00778160604390159,-0.0573906335450551,-0.401168206426808,-0.5417093198244,-0.226277371297351,-0.0270522418750472,-0.257656322114746,-0.491427067339677,-0.527278833373113,-0.219760148657261,0.107201900781818,-0.0465181864284356,-0.629711646831356,-0.132182653397615,0.664016527226727,0.123382237338649,0.46832769365359,-0.0938470081990984,0.386063607760009,0.14654759316853,-0.0828177382729647
0.504540468406508,0.454897955879853,0.696432279886804,0.732361627696848,0.502011190620567,0.714556713554839,0.556439894370726,0.503662023453017,0.599113889685923,0.595417131394332,0.422631713804571,0.453001764132678,0.470257380052135,0.581674914403101,0.393002006517157,0.551219883171086,0.751090053913859,0.668669290991208,1,0.805114332856122,0.777555160703085,0.678342802903656,0.2287162568247,0.115896606426665,0.281828339054197,0.287457110112477,-0.124391211525783,-0.176188899218132,0.401431666173353,0.184898765096314,-0.00183494107237452,-0.0254070407002848,-0.13185534536906,-0.432146866217326,-0.047746462296001,0.25382889817494,0.328705885706937,0.269155588764743,-0.0255235251524412,0.103864010563601,0.345073521113475,0.19145116622581,0.264041595798885,-0.0115871505881531,0.45452886490527,0.22891572818919,0.437442866058497,0.341428949220499,-0.27296897287851,-0.546401982034087,-0.0206573105063154,-0.443591565700059,-0.0853124600041064,-0.593241672820479,-0.299956416658933,-0.543388742891713,-0.105388120137152,-0.493384161939803,-0.10784188085442,-0.420411523149815,0.664075988277957,0.630592990021251,0.61395425951284,0.500546028352883,0.463352005153442,0.277196938484779,0.528465510017099,0.501636699908455,0.11023189381338,-0.00395597142781037,0.474355317976621,0.408704597462847,0.379816327468776,0.193631617144285,0.416884736895214,0.0722111426052726,0.259295976684813,0.282055262018255,0.442620821340396,0.113740125432901,0.202682430263999,0.017588635770352,-0.156429169104265,0.152150516525176,0.447289144400554,0.343429495123767,0.298199325449081,0.217616607242544,0.19014388149005,0.279367673230295,0.461514771119738,0.489178776275454,0.259667310302989,0.149207528860168,-0.374081830626421,-0.399722288573901,0.0388385213134983,0.0579028248787032,0.478001061241782,0.508684550495532,0.196492253008052,-0.114146634015525,-0.213818380697438,-0.221350710853756,-0.0712248826090582,-0.185619670991207,0.0803921344195611,0.0716702615309091,-0.480662985942547,-0.416179944092707,-0.241584935099824,-0.12145830844033,-0.320952264613511,-0.277222011946438,-0.443085060949213,-0.415385021687302,0.321953633007008,0.0898978022235145,-0.266277794967457,-0.413023996175954,-0.00312553982399305,-0.459155097263016,0.0132590709262721,0.314729117359524,-0.456059860464166,-0.0308148835197049,0.0961898691725447,-0.182372334059893,0.187419742995278,-0.064266940530605,0.411303545774866,0.214424350020593,0.0532869796179067,-0.0140855029793096,-0.121859041520504,-0.0401609469123282,0.492608646790567,0.267950759231457,0.672173545101372,0.57353881823233,0.348564136035967,0.233347924476953,-0.334241914345582,-0.164462609537309,0.0244378022323056,-0.0771155673698096,0.520947622330676,0.256971133290859,-0.0647959366868022,-0.312768005419839,-0.272541421240288,-0.018496923148301,-0.114984216317066,-0.168676568208507,-0.0414734097311349,-0.482757997247413,0.0443214674107223,0.275683131525509,0.0724120762798574,-0.0755244802331645,0.488433435733101,0.198950204871371,0.029893799958591,-0.0331386209105791,0.0763043935784496,0.228874279271082,0.157700605934054,0.242079702708435,-0.0766068424247434,0.0216147483365584,-0.41793621092284,-0.387177305955648,-0.0267794827007332,-0.112780229760652,-0.138692750378296,-0.403314067642129,-0.403421838336241,-0.113463865565058,0.0590432460053021,-0.235598255230224,-0.464279321503317,-0.0184174086874442,0.337992538998429,0.174300903067011,0.266287428270534,0.0161511383171081,0.145804769057058,0.0262449309947712,-0.28738955874749
0.411934819616339,0.438738809729969,0.581431438888027,0.708914619316629,0.374433985532789,0.651886000544176,0.459892484603489,0.547832201121118,0.503694982377636,0.634779712267907,0.360018321422017,0.468201348653202,0.43812129007792,0.618223876392629,0.33279955236159,0.57705994554358,0.657911351285931,0.752122941276511,0.805114332856122,1,0.669073910292404,0.657684439635306,0.0632918795977725,0.0974058685056803,0.213433046135363,0.257818690967538,-0.298750224941198,-0.294891744533681,0.232019725559396,0.288121697947771,-0.0577852918496755,0.0645529524083163,-0.176771050112746,-0.404575458797008,-0.00630491397533192,0.348210504926848,0.319830839614307,0.342113162714182,0.165902702889995,0.199148989848046,0.410392378510794,0.284168740657702,0.359259210704261,0.0588061035818143,0.333377205632787,0.310079365088951,0.302373414658792,0.338885059224653,-0.276345169107484,-0.4792974512214,-0.151276644013051,-0.435953760258603,0.0607508962444872,-0.564446392878235,-0.306714348637843,-0.517726855453667,-0.110264557205734,-0.439368404535272,-0.138312341878621,-0.351565943592902,0.640039426037318,0.62564268241183,0.550636947842981,0.526022928629806,0.474053507827078,0.271195366937516,0.47490786214294,0.494130457494278,0.0333284089401554,0.0293931529436067,0.431494161241322,0.415349984790233,0.34585346611372,0.241015060039316,0.373534353610149,0.128051351542628,0.31739728416535,0.282600816904391,0.430654816472091,0.14202943659377,0.263679932693558,0.106194238916651,-0.0622770461015232,0.188406213262865,0.41436236886119,0.298550571091393,0.342239820620849,0.229210381282115,0.300555605923766,0.287861126371045,0.461772978190681,0.41166566129414,0.312146361845048,0.164774600396036,-0.293633912037641,-0.266146176822729,0.176085900315039,0.204797414279311,0.515254905724708,0.523038319202123,0.27022756165391,0.0460737402748823,-0.0243456920317592,0.0275043716993363,0.0506979652629633,0.00622654872101866,0.193915143750472,0.169223654520859,-0.380254198790455,-0.28896854657463,-0.0639051337087084,0.076011810443121,-0.132125941486588,-0.0266892958416492,-0.316615323230739,-0.290575910482316,0.180434793614348,0.0963937336282622,-0.335047412720899,-0.415879951545958,-0.0671181054993922,-0.465320790330786,-0.131359403074803,0.236731917647703,-0.335858760682071,-0.0156337829553459,0.0946946440212552,-0.000353314543085149,0.157739635495451,-0.120896281874414,0.463566116506519,0.260621706767071,0.172425972968006,-0.00939916124155069,-0.0207121482933654,-0.129314475492185,0.448968974331952,0.241363077963924,0.593287640272901,0.578246175875355,0.230124395713792,0.317183046963234,-0.252075831146935,-0.124069412365576,0.0513228525867438,-0.0344864725812944,0.46306376179521,0.273450284280611,-0.0329705675863119,-0.401451249275713,-0.254828780955507,-0.233444588369767,-0.0808137519725855,-0.177011762293911,-0.163725507489167,-0.508603261162949,0.147439722172071,0.265184385902406,0.088194625715888,0.129960044217993,0.581684136041955,0.361238565618053,0.0749527272084166,0.0222914052607805,0.148764183909026,0.241331301583164,0.261403346309437,0.341302526240514,0.00144397128830542,0.0298808155792969,-0.285640866094239,-0.345794622781338,0.0217735462259005,-0.0781595792737226,-0.0871021730983088,-0.380216034301616,-0.359637196897187,-0.190197689534154,0.0200814191679502,-0.263749083693409,-0.328514043661383,-0.0718905696607259,0.368774308483361,0.252164096420298,0.303075972625683,0.143578973368273,0.158149718221725,0.000669893012075644,-0.188951296312486
0.695913965932406,0.545641674234622,0.848404214098879,0.787520274302579,0.563958697089382,0.791503072246393,0.720488054780204,0.497383963234297,0.65035901204186,0.505880866779511,0.664526964887727,0.675021043009358,0.742432569360447,0.747920973553249,0.705833046924259,0.723911313775693,0.870574163092615,0.775816755646684,0.777555160703085,0.669073910292404,1,0.925939423449866,0.496465091196483,0.412269886200906,0.579135754359088,0.560541072621474,-0.0915873424690668,-0.0696898849380944,0.18095101909491,0.240130413550449,-0.215818680007149,0.200990716936088,0.127584508971123,-0.420813010399226,-0.185362712645616,0.396039489280368,0.625512696276308,0.551014714337411,0.0809315487839769,0.505002774166101,0.482004168970951,0.513799506114654,0.157936846732226,0.31632042724476,0.719292612277527,0.476150877911893,0.578957850283716,0.620021705524647,-0.0577387979711062,-0.489750311737847,0.038806061776489,-0.545010398582163,-0.104368670342216,-0.607271768728985,-0.0615928165877505,-0.453047283239386,0.0435436026553897,-0.515681240111862,0.0804988494226319,-0.444663792776321,0.744310302240395,0.692146885226573,0.801564376807683,0.752288988673298,0.664819298623148,0.588138680861255,0.617937823480137,0.528186587826449,0.374427025517663,0.289521161044038,0.679308550778557,0.529003970254285,0.491482159906176,0.24219547718708,0.503708535735651,0.402306762726632,0.158259868424826,0.107181894311081,0.310895936484928,-0.0455746232302737,-0.0515625145904554,-0.229402083321966,-0.262716252836065,0.0673699601385695,0.621880034397416,0.537440406455074,0.227997228302007,0.152238595693479,0.264218001345468,0.294237810646161,0.630897711167652,0.652610654877742,0.223796347729833,0.154753455198666,-0.603085195961947,-0.635017403189595,-0.0482953120171249,-0.0317621752043368,0.550733203458097,0.616681230700752,0.0852303977683121,-0.214131283520113,-0.435402573766911,-0.347084992060292,-0.277193908140576,-0.389435784842106,0.00419200618350523,0.0065984060257217,-0.70544156733254,-0.599192621109607,-0.423800116615477,-0.222318568330915,-0.56916677772052,-0.417860194547783,-0.669259104321776,-0.620916619751247,0.119191304086896,-0.109411390206529,-0.426716549902497,-0.56151181295229,-0.157509751334802,-0.621475090991527,-0.0986736228785252,0.260878443502332,-0.512699795026111,-0.102952300337051,0.184073227727508,-0.336201116422953,0.024298938328729,-0.150615599173136,0.325843446221686,0.0527167062750821,-0.201713227092272,-0.286165698087043,-0.383940799919624,-0.279749432286184,0.646672541321202,0.236167291899357,0.734017563787075,0.587791765997832,0.659012258991152,0.538981971242638,-0.464743095550839,-0.223134834907842,0.130639443061714,0.0486579236293011,0.513551238017189,0.302001901324497,-0.140819158557331,-0.35034635310896,-0.173580405373206,0.138937027670299,-0.258014683884548,-0.354703159461386,-0.226823557532803,-0.482700213065901,-0.013257240271372,0.375401550336326,-0.14115900371344,-0.260645300136486,0.584827450942641,0.310440752189981,-0.11969949900072,-0.175949539128245,0.11305916600936,0.178738908838117,0.0618030654626308,0.212540322476278,-0.00499608105751748,0.0302437207682933,-0.439840440995552,-0.474552054051028,-0.200088905110715,-0.0421912468811376,-0.303168383491593,-0.494285131299207,-0.521960146551905,-0.196197873108024,0.106874402580905,-0.0746714058405568,-0.670720775515828,-0.105365982762041,0.506658778413795,0.0579597064956179,0.456431312321062,-0.1889501514606,0.473121941470517,0.251012202022809,-0.0092952415633343
0.675567140494573,0.551832333930333,0.80832442999055,0.77620764111245,0.519367154812743,0.776693784009444,0.697336152536439,0.493688050878361,0.594759028110716,0.488866125114433,0.636851407912585,0.66406193716647,0.711574667199839,0.725007684269333,0.694332551002687,0.704894255186506,0.797861061241411,0.744158663834846,0.678342802903656,0.657684439635306,0.925939423449866,1,0.484066708889398,0.463670186229632,0.564171504031056,0.574928642231041,-0.145627278122861,-0.0474628022609136,0.0570377994206729,0.248685456489256,-0.234708731035938,0.279978787268128,0.141863238465038,-0.366342214805522,-0.178452142474662,0.434518929017883,0.621309861184924,0.578936946889887,0.122125973356353,0.607058581350802,0.443744649743268,0.547387086976146,0.129257516537702,0.379729686837318,0.7249534663766,0.542375005659974,0.576436829947249,0.644119644365748,0.00311734357524746,-0.388668038992858,-0.0517309240791826,-0.522815003025514,-0.0243520755921433,-0.534465014900174,0.0115339491510674,-0.354964570441574,0.0253520865381449,-0.469650425454686,0.114959767520148,-0.389213138452718,0.698425157277994,0.688987371636397,0.744079601539544,0.794777134718217,0.681773717581279,0.660832718702202,0.589416746449925,0.518244707049907,0.400552792984063,0.375788754564179,0.632616690057572,0.513141130432856,0.495988709208359,0.273112851937063,0.508771082781896,0.48050852877595,0.148525409935452,0.0849789464225475,0.293804531080233,-0.0483629744645395,-0.0839542480697969,-0.217009379326606,-0.2724410532334,0.0776874290479218,0.620963407110731,0.506144429364603,0.219360809538436,0.15615705047405,0.298962263726554,0.321117463960498,0.599654129995427,0.62001624572211,0.224130381105011,0.153529417874079,-0.536749618519529,-0.562721681127764,-0.0487448753588447,0.0183487273180826,0.541536138486731,0.604497565561903,0.117213239773861,-0.166646202555184,-0.327116238698511,-0.221581737678286,-0.251771842102869,-0.308901019865669,0.0327327196548065,0.0691108011622727,-0.649114139085732,-0.524898890367195,-0.362568438353091,-0.109153126665767,-0.4989039115232,-0.315948417909042,-0.608646743428521,-0.559739398428552,-0.0134070015653826,-0.129622175886525,-0.475440204374615,-0.59738717874094,-0.227534746260499,-0.662918873222948,-0.153746706864091,0.220093072097922,-0.50650601971516,-0.126760664968598,0.12887542687036,-0.372717602672287,-0.00279872899563091,-0.231713862232115,0.298833995751037,0.0277249285519368,-0.238594872965739,-0.306903488499745,-0.431728169858669,-0.346693526242292,0.604742402630629,0.247744822478006,0.669013592015226,0.574026039659615,0.676590353273947,0.606167704595582,-0.484372800369904,-0.250915863388318,0.101161115062352,0.0168003983774034,0.454459931396412,0.294142273162754,-0.13125972131448,-0.381427072714817,-0.158184302914938,0.138472612856913,-0.272088979864179,-0.403343925464477,-0.288535496943896,-0.478084656305998,-0.00433864704020482,0.349703035985294,-0.171776396619455,-0.202957518896087,0.592731752748637,0.349595169813773,-0.177808615301437,-0.169950777716168,0.12743542725806,0.180368959933928,0.0526136233684814,0.198253415085721,0.0301630209131055,0.0134798523439117,-0.416150870717538,-0.50763035302391,-0.217316172934191,-0.0338660239414379,-0.313171620501746,-0.501120338949108,-0.582894538281675,-0.276824775245428,0.0885792519969526,-0.0582864793878334,-0.608838667296707,-0.163267542494301,0.524405467592115,0.0118667249703463,0.496166298545267,-0.18879128687386,0.5313701813596,0.296162504032928,0.113852445006358
0.611489463975168,0.423542598008444,0.550763422925169,0.376362497495046,0.479456498190611,0.394119911275741,0.558619841300016,0.312809259122424,0.559116078173454,0.322983984089233,0.529083124349731,0.365826536135356,0.555199683592086,0.341958854794444,0.557393469645462,0.363113438241019,0.46236172837772,0.283097441601885,0.2287162568247,0.0632918795977725,0.496465091196483,0.484066708889398,1,0.80784365990419,0.833760233977925,0.603918730681579,0.238502774739656,0.517709198785425,0.17879134974784,0.321539644089387,-0.247889795007237,0.329735299812658,0.591620662356713,0.133363529274289,-0.14499693776182,0.280905820364896,0.504230397612817,0.314166556773502,0.238031160817849,0.407708376389011,0.287815416867766,0.198162371048075,0.00442055448051231,0.117645540724627,0.599287720809529,0.458209030565719,0.357184564265055,0.467300920257068,0.302090192737925,-0.101999256558655,0.1150826402261,-0.202854169262011,-0.276795317605216,-0.226345530601758,0.303423054319089,0.0354825951451843,0.298448946359478,-0.10726151779894,0.391265214454792,-0.0818795820535984,0.319796359944246,0.25461219120123,0.439972534834476,0.396356576427687,0.322145745878921,0.414912026299971,0.520065463183923,0.380604206657901,0.514316606751873,0.500507741950463,0.449916387065381,0.259483414962466,0.281960100600968,-0.0356821030870635,0.0395622492222349,0.187002300579008,-0.0995021712502146,-0.229670198069128,-0.0395425964418984,-0.241050065034425,-0.39195911816025,-0.416737270084431,-0.320777793395995,-0.123818899791678,0.384290044363764,0.330982646195525,-0.0924163074448438,-0.119725667445686,0.0183104282792742,0.0487082639735765,0.213343553311675,0.35347456779446,0.136213776617157,0.0236346756979585,-0.355542523025189,-0.402487300221972,-0.169983531431099,-0.209151753178538,0.133829463043143,0.200829787062048,-0.0299389051246998,-0.16425481425688,-0.41506116088911,-0.445605640454137,-0.366449623498989,-0.405316545482002,0.0363910953246284,0.0940803358551002,-0.519669287072142,-0.518213403817639,-0.36709719172702,-0.303677127104847,-0.54353146779486,-0.38865879612224,-0.533973653750014,-0.477300226694769,-0.179396890369813,-0.353726353247166,-0.428537120664134,-0.572756639281241,-0.265078838240698,-0.498432371827259,-0.329705576796949,-0.0794410848965672,-0.49918039272635,-0.191339843314114,-0.133593507686123,-0.545213035362324,-0.239637750188323,-0.416404678913282,-0.0776461900882736,-0.248924880931688,-0.445416964544604,-0.481196601178835,-0.457758224208362,-0.274093332872135,0.430678154083933,-0.0257545846105233,0.36917676336577,0.203812704730271,0.523286822696839,0.448064941816497,-0.369624462614081,-0.321543587673148,-0.00757317071211387,0.0446186934597063,0.240883333188494,0.082739630603187,-0.130522240624395,-0.0893444258029683,0.0618222081592735,0.330590760108168,-0.389743578041131,-0.459675693303659,-0.157506413569628,-0.213251558662942,-0.20863100247813,0.189916519131743,-0.236228263231998,-0.330226150500082,0.0757041740551128,-0.142031326636013,-0.357723891025516,-0.184413279460302,-0.0160660657785106,0.0578662280634726,-0.202839857005452,-0.0207413394022873,-0.0967468560233409,-0.0192525373104357,-0.558591055459382,-0.310193292252663,-0.439983806089543,0.11476217208614,-0.47378834601078,-0.457700027861374,-0.348632423086849,-0.238995044445633,0.40659085296326,-0.114318508565209,-0.543573263272751,-0.0805428930116518,0.369825118001373,-0.0145646624543761,0.393749787294179,-0.324331364435382,0.513288767468217,0.580207816167369,0.286502385562979
0.66329932903304,0.562544140015714,0.484334141767239,0.345367950215434,0.275062901955225,0.260872884364222,0.549182831702467,0.391303110645484,0.489526467290872,0.27966918250825,0.604169134307292,0.49096519648112,0.607515533596559,0.436143877086368,0.599863415468902,0.456499665406219,0.411622601911348,0.327493239394312,0.115896606426665,0.0974058685056803,0.412269886200906,0.463670186229632,0.80784365990419,1,0.831365272667369,0.791616554809258,-0.102437718785286,0.47404885105016,-0.0996289241257558,0.545008624379967,-0.380281922667736,0.325309100437281,0.450404919518821,0.112765867334659,-0.274147190024122,0.541026011877862,0.549074637166117,0.523607605474641,0.305961069410346,0.532202844923724,0.354010591856613,0.362212398677569,0.0346150535445895,0.194458929310585,0.607197645186081,0.618380862838825,0.365581806475446,0.456716499524804,0.302924187657115,-0.00609387786137678,-0.0814205817594665,-0.194741875110032,-0.266960594117018,-0.200116568387359,0.259092423326912,0.12426868915121,0.19246334345126,-0.0742053408064014,0.397049280531458,0.0606479162071371,0.371384417674305,0.323608571237873,0.423772831955573,0.423491946923082,0.408850125154615,0.470509579746191,0.676627278208731,0.578725001138792,0.418994718393553,0.524278187492639,0.506645705580523,0.396552325089682,0.322343992360864,0.110006439767979,0.0140737053128882,0.334538454107553,0.0642023114853354,-0.322002166304636,-0.0747080115413458,-0.334775503902935,-0.284103716281227,-0.409460431458242,-0.330560424728127,-0.0362954810835153,0.42040557313648,0.273170203635889,-0.0386818250565075,-0.102451702252093,0.17747144267583,0.091555536141818,0.309801738575533,0.353479575124347,0.0784089142411419,0.109337128562012,-0.303672576386044,-0.336396561313184,-0.0471128273334313,0.0295952748521478,0.306631005167462,0.35891499212999,0.0607882707048011,-0.114165517181521,-0.326262859080587,-0.210187065162658,-0.302766071895262,-0.273450420191353,0.0743167560333224,0.175050182255446,-0.473628382330334,-0.435051198315923,-0.300492414145852,-0.0749743883536595,-0.392850605368391,-0.178090132065835,-0.468321483782088,-0.393776302886339,-0.269589626372892,-0.509862572935433,-0.54105847184696,-0.69061662677022,-0.356916329271006,-0.605206626694237,-0.433814552406304,-0.0390186156543795,-0.441946100385815,-0.0949913322902863,-0.195080929717959,-0.456827686780976,-0.187396531652811,-0.487631777711244,-0.0645720820350274,-0.339326033397208,-0.46583762203667,-0.489515430417006,-0.492481102030561,-0.302229710525007,0.471537586468588,-0.0232577535064267,0.442673435014866,0.350419687467521,0.49570372868367,0.578233089781391,-0.455924508691113,-0.275657626686277,-0.0935808297824564,-0.00142955206787863,0.145571459613059,0.129913062877541,0.0289602679828376,-0.0705283679860763,0.111731835306002,0.267306720642733,-0.494103945879347,-0.649832572690235,-0.298304990720597,-0.280192263548855,-0.240937634452311,0.268644466688138,-0.192781257841251,-0.241154734951563,0.171952064902808,0.00736917255479794,-0.250871775548594,-0.139268977971466,0.0670662135070351,0.0374043926003976,-0.151247655769829,0.0537557230910338,0.0126394319014854,0.00241556818523647,-0.425191057790809,-0.328126269881816,-0.335635674812179,0.23375460927097,-0.523411496568914,-0.473214972702077,-0.387835538482674,-0.354776365222986,0.509535183242654,-0.0299298784731106,-0.472485526765372,-0.217876201368024,0.586103273191361,0.0859860651301136,0.49776841914538,-0.205115090612613,0.564867221712247,0.599119453484847,0.364477302022518
0.765259992500707,0.670496270281234,0.630321745063612,0.523688627080997,0.436782927612778,0.465709569593943,0.677558820068283,0.520443290362706,0.631052000631281,0.412179284259756,0.809284138379298,0.694591165415027,0.788646763352921,0.634301131615696,0.791296383951654,0.672068520886179,0.651796003541658,0.530781701275974,0.281828339054197,0.213433046135363,0.579135754359088,0.564171504031056,0.833760233977925,0.831365272667369,1,0.842409903075235,0.00102057002583013,0.279611239696188,-0.0276309080036533,0.546943542088729,-0.307632417640471,0.348137310451508,0.354521667329805,-0.147479119479554,-0.281434422125607,0.574520927360291,0.751743718174818,0.625794353092718,0.267241810919105,0.597255755323704,0.510458111276501,0.437145525102028,0.120669936440913,0.237610848748698,0.77316746259186,0.667745065796518,0.540651903702805,0.626468114812528,0.20271929722794,-0.247057820730474,0.00378912320530449,-0.365714394929239,-0.347000528012302,-0.421672116467425,0.175257114282207,-0.145374737348995,0.184017540808972,-0.252739459078992,0.289358399590859,-0.183717469617069,0.534570904342644,0.491884322061437,0.547414551783502,0.586002459995634,0.500531633072803,0.523849733567204,0.751073054309815,0.63656567669795,0.42107684488852,0.434318169277649,0.750284205904787,0.594392418229186,0.50534259104988,0.217406232834907,0.173665636138383,0.408913413512937,0.0694079615547231,-0.188628410314132,0.143273131898813,-0.134020485485349,-0.190844616102296,-0.316284359427298,-0.367350302631974,-0.0213802838633556,0.543311611833578,0.430174513536647,0.0479352200191689,-0.0151661126968858,0.22552505582265,0.170706959034655,0.485696306616481,0.51916904597359,0.119448166290042,0.111679279557867,-0.514551194969124,-0.528898184101946,-0.109757946234082,-0.118145200194419,0.414087064641362,0.456446542147192,0.010433549407898,-0.163760862503031,-0.430186711011949,-0.375059448129755,-0.277794717139247,-0.289831650769011,0.0383645890351965,0.0898184890050762,-0.605878955210176,-0.557117550022994,-0.380470808798197,-0.245591444789599,-0.530521064992875,-0.326707352874047,-0.605415866647268,-0.55333921007735,-0.212813347296815,-0.446644731177239,-0.54925226972028,-0.725440007743524,-0.34114339345575,-0.663847454573554,-0.419863421462444,0.0457758990642766,-0.592327103775771,-0.244848469179877,-0.126172758876558,-0.452429397816007,-0.243099206637744,-0.476102721934459,0.155239465648936,-0.117374103663435,-0.344131146997413,-0.475418062833838,-0.499902869193331,-0.291661993212627,0.704571552225753,0.228768142556055,0.572028247197226,0.476194404225172,0.671410404255544,0.661020620297119,-0.537724183475267,-0.359020417684777,-0.0255253616387178,0.0817423346109226,0.393684853209047,0.34317799129715,-0.0692861961311287,-0.126173662055753,-0.0407459545118943,0.252867064066683,-0.427250666037221,-0.51762672820519,-0.290502340259846,-0.392385527443977,-0.118504473702438,0.369914495085293,-0.134734564169839,-0.193007115329094,0.335328521463348,0.129203154828138,-0.322226722076869,-0.217997251404263,0.0939120024765613,0.128337130335679,-0.126922401789452,0.129798611634432,-0.0109864692634658,-0.0431927363898898,-0.552331123790522,-0.508012223628782,-0.447840038665604,0.13075337274669,-0.486557310507506,-0.5503512857268,-0.520879309894029,-0.351973590741953,0.421875304933928,-0.054263971396827,-0.631816062609542,-0.13048206599028,0.683248666163195,0.0312404176814662,0.537898454939647,-0.255155738450683,0.591374855146823,0.536217058554612,0.248584945619362
0.831549215555706,0.842134245342159,0.620576828909,0.552702294962396,0.28374380182896,0.395779612098518,0.704073390457501,0.608792175413136,0.565543842743334,0.388174508530037,0.855019457504486,0.832095585240955,0.804714351347241,0.754428528608976,0.832104991212168,0.77537996141011,0.660563386443807,0.589033415961339,0.287457110112477,0.257818690967538,0.560541072621474,0.574928642231041,0.603918730681579,0.791616554809258,0.842409903075235,1,-0.207033520129817,0.182536627412844,-0.150750459788255,0.677625360837118,-0.230574263271901,0.318054368739335,0.102453992677952,-0.298164105331715,-0.341223800019255,0.738326290452933,0.739820534369522,0.796975552339483,0.22581747600573,0.653492968071565,0.488942191428104,0.554423271312704,0.149203016300884,0.380616964970612,0.808550153275005,0.731460480678286,0.641470272877251,0.657437588862471,0.0850375905210567,-0.25614305548058,-0.159425709816727,-0.436443077152124,-0.322909870614179,-0.490753439004932,0.0427972059759343,-0.16125332622533,-0.0234020000321828,-0.383644753204832,0.155303376051574,-0.249635123452213,0.589124441080626,0.583605711340846,0.571684467466607,0.619757029131412,0.627761952993456,0.610533023703724,0.839838866850748,0.787544514006162,0.270325820983798,0.34965299604658,0.800933625597359,0.726200947943372,0.580526853947845,0.354966825778264,0.231423954793199,0.558407873516948,0.210015688809346,-0.155093971384341,0.198319608760106,-0.108851224946927,-0.0758191129985207,-0.228510837795759,-0.306819239529641,0.131337673724069,0.590712615334688,0.435612687294829,0.211007855994713,0.0912732303366434,0.379493513665931,0.315887474421534,0.609810666693053,0.544197165261732,0.209568250073749,0.155983953100362,-0.516866332260318,-0.563500628953458,0.0273558404753972,0.0425867291947458,0.576020010399875,0.567912905418585,0.0815297447790879,-0.115247205723923,-0.37356882466797,-0.218394151479286,-0.185848449536322,-0.18420379282321,0.0234332038497556,0.128533719888307,-0.603852137648448,-0.485374296368015,-0.322780875819966,-0.0455184817392529,-0.444228885772624,-0.211424960722752,-0.57536610887069,-0.547634596971101,-0.220583622877763,-0.451125902010931,-0.647188488267711,-0.743085472084981,-0.388918949570113,-0.707293826755397,-0.404778106471438,0.148370845377556,-0.571861785912837,-0.153203603504936,-0.106983013967264,-0.461049294717886,-0.177295380606152,-0.442455368241876,0.203843062927416,-0.0834323974276837,-0.319221839828371,-0.342526343458625,-0.49971483186485,-0.232640389479713,0.747540928899501,0.314634071847943,0.654229805994573,0.652934081662495,0.672142969760532,0.702541471475816,-0.584358688129993,-0.229115014274443,-0.00474617725338413,0.106759442485459,0.417208777800869,0.398734322157033,-0.093457827569757,-0.202988829848456,-0.115282441710161,0.217757282901967,-0.472723122748006,-0.517488941954883,-0.456101356391074,-0.455646152676568,-0.10399793475108,0.486037782274476,-0.131281149675958,-0.0940186329516432,0.435633236711017,0.268670097678109,-0.232242538170641,-0.192049346428074,0.203128368109058,0.250782280306316,-0.175611980361188,0.0562441161781234,0.0606076312469209,-0.0326698691079312,-0.438711020829172,-0.553589454218466,-0.33691150674032,0.0646424147000349,-0.506710233434764,-0.580606490686556,-0.562040505742447,-0.427171595580596,0.330252483246784,0.105643972781404,-0.623094307609703,-0.112975091539628,0.795268237777983,0.132412158193965,0.643726292543809,-0.233993879737298,0.599924275313906,0.433593348348638,0.276977420195614
-0.233124886313074,-0.292340009053846,-0.177169885597177,-0.24217520359289,0.0632715551493821,-0.0832710288746117,-0.191347602564249,-0.297265796067319,-0.131274303633837,-0.191188752630827,-0.186823340956726,-0.219999651910593,-0.184374369908851,-0.252719145965616,-0.113440213472115,-0.222222840278159,-0.127775125064271,-0.24055489728241,-0.124391211525783,-0.298750224941198,-0.0915873424690668,-0.145627278122861,0.238502774739656,-0.102437718785286,0.00102057002583013,-0.207033520129817,1,0.314277330883742,0.269700602282017,-0.158915233843076,0.402460740307183,-0.0270557704870146,0.277756199172926,0.199787506020352,0.0186062055837928,-0.307372162861994,-0.138788501249202,-0.234908926389638,-0.242033161098634,-0.223764274824889,-0.163162401832907,-0.22270487425688,-0.0453317053862474,-0.0294695482684469,-0.119913629889867,-0.328291587622215,-0.120509996942435,-0.00120380357493321,0.164809070641936,0.0885535702363814,0.328233542588481,0.193450368501737,-0.109665580747904,0.17987331106585,0.23707002794453,0.14592591930684,0.170318542428724,0.103617612593467,0.0324344967411422,-0.0717626623852829,-0.254867639756641,-0.225377228909062,-0.208698323854929,-0.190429878118891,-0.26055362813717,-0.187669705567019,-0.33131205516977,-0.377723823440333,0.0546054722147269,-0.0798226185701727,-0.154674006197786,-0.175896999712403,-0.219509248888979,-0.262196260807758,-0.185052736040504,-0.242707215648131,-0.379423566633833,-0.08003585452336,-0.174036619098168,-0.0428448555556551,-0.31427335030332,-0.0954437096274966,-0.205300355544064,-0.384509627530214,-0.258008042347946,-0.116516272268497,-0.223212893513498,-0.160284003611376,-0.237574521178297,-0.171828521518835,-0.339220209871789,-0.227009817306546,-0.0614707444404675,-0.235962828977722,0.00824734328550856,-0.0188457709482446,-0.291676853916268,-0.298268206816103,-0.384326362092195,-0.363161913355447,-0.199345069587937,-0.0644093992503968,-0.166115569083283,-0.241010578444736,-0.125145728737674,-0.131894150981243,-0.152290832969206,-0.0925840438978961,0.128236472060871,0.0959560153426416,-0.10732151360224,-0.193369317236734,-0.0943859373902875,-0.147313940236657,0.110595659049465,0.0936640102238744,-0.104972226633651,0.0291636413942486,0.191741978152401,0.156900367473728,0.33139197762465,0.212498509325136,-0.0540559097645965,-0.237884785771324,0.077379822326226,-0.17634995459415,0.0126387591078084,-0.180331468840116,-0.250157825813867,0.00289329904809266,-0.255301045216701,-0.0978227706271619,-0.141385123661433,-0.0999731226925173,-0.011002090251094,-0.0895509221123995,-0.161137576310775,-0.0918666874969966,-0.318064457709694,-0.325988309716243,-0.0369237045471068,-0.243135289421724,0.140835337417057,-0.0894250889408249,-0.187784895962658,-0.221508550486981,-0.0777053589441913,-0.172750510236963,-0.210096801317553,0.125306506427682,-0.0999648065772402,0.0673954945308539,0.0260332053474259,0.140219942046279,0.2614831336972,0.257297764215812,-0.0415992215786753,-0.278700835800038,-0.136148689409525,-0.227156237838354,-0.386277016277818,-0.401732178895588,-0.192429608104548,-0.0676605464840535,0.0348073292101471,-0.0936813700168145,-0.0810403299368249,-0.132505099949477,-0.169749968140981,-0.0632053161853779,-0.159597088685004,0.0593564263755961,-0.1992349113497,-0.0272432897667055,0.0452836841300225,-0.00105800624493485,0.134553806986481,0.173158220685097,-0.0581033817777349,-0.126370638263157,0.0300325781997397,0.15270748454817,-0.248563277458486,-0.124127756170945,-0.149140256727097,-0.351416941163634,-0.0347522691364823,-0.0241009261359988,0.0297913109973899
0.104054695825616,-0.0381966187782515,0.0085995338080278,-0.174965341382382,0.132008067030439,-0.164798388306722,-0.00944644746072976,-0.0722215152486171,0.129601289391987,-0.0206078312378393,-0.0313401413131924,-0.0926428428101599,0.005388579831772,-0.185967252608219,-0.0212995416636722,-0.148395845440177,-0.0982313781184143,-0.249889823788101,-0.176188899218132,-0.294891744533681,-0.0696898849380944,-0.0474628022609136,0.517709198785425,0.47404885105016,0.279611239696188,0.182536627412844,0.314277330883742,1,-0.0197369337772418,0.274754804486126,-0.199982086733431,0.198792979255326,0.583697491705763,0.652364165168136,-0.0731287099630757,-0.0741334010273634,-0.00610362538577044,-0.0740309524393587,0.144754201470998,-0.0344132394738451,-0.0772020473302855,-0.237401455145559,-0.147525709324146,-0.183361917029877,0.0483885771150189,0.0293851728014975,-0.135071923777947,-0.0433783577948795,0.437037359087461,0.296820520555795,0.303399189716574,0.458349261130598,-0.123283906601119,0.318062656879872,0.441150470843327,0.439503574327389,0.473179209882925,0.44988483921738,0.521901799567114,0.357607980868084,-0.176092079748932,-0.22998847478478,-0.109145198457018,-0.143191711084797,-0.140023315523133,0.0169467473100872,0.0378544280843842,-0.0595611463869167,0.202216433937423,0.351453201389603,-0.0566756395716347,-0.153094469016982,-0.134997265992132,-0.288754960909168,-0.281779443350315,-0.10767912793219,-0.226606834816087,-0.318359208686062,-0.397669873900062,-0.292632441770037,-0.505284202643003,-0.33794083420839,-0.277195821567525,-0.356384213949275,-0.0847281057795761,-0.110306170610605,-0.216023498818788,-0.0535222556597082,-0.157679077373342,-0.0848379815048608,-0.233928311296273,-0.118350643524658,-0.1085209102347,-0.0877192270911776,0.129009477642892,0.11095591932461,-0.149351466582873,-0.209913740285187,-0.231016697177392,-0.177460836393273,-0.0709256718293031,-0.122089581654192,-0.131874852669506,-0.111945915082465,-0.229921368575272,-0.22594694959051,-0.0288808355324699,-0.0240990221362945,0.00169983519453645,-0.0761653418704816,-0.120427580875267,-0.105574715320654,-0.142899437433276,-0.115545499017972,-0.0404011731137442,-0.0262821706026128,-0.30253937280449,-0.313032247760746,-0.211268153514883,-0.171128353796413,-0.143200050065341,-0.0412217863242786,-0.339979751932683,-0.314385401483146,-0.131116372501701,-0.132080414402387,-0.205652678686054,-0.325930811709875,-0.157754076996143,-0.285461585658705,-0.347004793354654,-0.321512686795231,-0.446172793040283,-0.41599655184166,-0.188749905411978,-0.163491054679488,-0.130986640095571,-0.291276225137322,-0.21008719319304,-0.242223736432907,0.0169657410025388,-0.00263101665515615,-0.036476737694758,-0.0946245655176812,-0.164559108338491,-0.0869018350849254,-0.161740621149379,-0.161228058948182,0.0832381769769267,0.314403864863914,0.268216995998811,0.243033772698593,-0.327083481034288,-0.252302933619448,-0.0320972448041926,0.160984937373078,-0.296750155247134,-0.181176249700448,-0.245533524446153,-0.297156786071347,-0.356690198643772,-0.388719606424565,-0.335312027558932,-0.14411811456389,-0.117240066088955,-0.0974372722728329,-0.218029261522166,-0.18347341103533,-0.0940351277572036,-0.103672053027293,-0.255547117737452,0.101978134091902,-0.175473516118785,0.255550786545515,-0.257852938646187,-0.103447958105322,0.0282108017073527,-0.0887745334863921,0.43889794705695,-0.0471142774490898,-0.0772752333309666,-0.128147338024665,-0.0733276777663593,-0.0299699969126289,0.0771475300128771,-0.12738691658306,0.191194075336487,0.403332380634418,0.352823605544924
-0.0768867361515054,-0.0705268897490385,0.104046653473507,0.130471560864949,0.164310078145973,0.164466010433961,-0.0319867953447122,-0.0422422797136575,0.0895745108204287,0.0905670810626329,-0.0793889379264442,-0.111778096749827,-0.0691392023826125,-0.0323182389657622,-0.126512113591974,-0.0135905528735216,0.121745001434391,0.0464246940557737,0.401431666173353,0.232019725559396,0.18095101909491,0.0570377994206729,0.17879134974784,-0.0996289241257558,-0.0276309080036533,-0.150750459788255,0.269700602282017,-0.0197369337772418,1,-0.145058508847377,0.340351894599212,-0.247774203404349,-0.108112696043067,-0.0794953270761078,0.357104526454021,-0.231116514869814,-0.0992321239213469,-0.178266521487276,-0.0423155437581759,-0.363021603677688,-0.0501242258500935,-0.199369664434572,0.0697893626611832,-0.195302013315235,-0.0680194315973727,-0.183777199229708,-0.0690125774169296,-0.048337745900469,-0.18017237898569,-0.138091843298637,0.014771850796833,0.000409901400371401,-0.0626945231944698,-0.101197851530616,-0.131456110998593,-0.179019219343991,-0.0543915282497088,-0.107885837437943,-0.121966582003875,-0.145965189660481,0.0402761493834293,0.0170437383027934,0.0380581265908479,-0.0444544289991397,-0.18383533343158,-0.206843224956151,-0.0405204933807031,-0.0686932867791728,-0.0630773538572076,-0.25011692621124,-0.0596445132533237,-0.0803182386588631,-0.0526104416383121,-0.0614841526823041,0.120037484390834,-0.205685219699093,-0.0447749584622871,0.133031631408799,0.0654642237347141,0.0872811042557754,0.0206611722621064,0.0105717370807645,0.0655258388054094,-0.0460069724916181,-0.153734023036276,-0.0754560099990529,-0.0723948593109294,-0.0374816131047199,-0.2577822541912,-0.0568832058187329,-0.192437557386755,-0.0757248243043756,0.14520818540896,-0.157513072100741,0.0340409338901631,-0.0145562907333387,-0.0650936206838164,-0.183505836991846,-0.169538386898967,-0.196400966892237,0.0445151567583133,-0.128186864311706,-0.0990835859034988,-0.243034959715254,-0.0346774766387256,-0.175821243879304,0.021715606063133,-0.111782193339573,-0.00671972014778043,-0.0450015815303382,-0.0479158417762667,-0.194285288844184,-0.0270118712175498,-0.151479802620619,0.00185301463750637,0.0189496329253678,0.294305602156472,0.179248536977352,0.1480670190004,0.0403277193092853,0.353843471931601,0.0453122613570906,0.12536513395373,0.116632996502575,0.00399098620309222,0.115069708467754,0.15452196660418,0.065202704168653,0.226918103684426,0.121942424390704,-0.00853475779679707,0.115226465674725,0.123102720439535,0.148375802989104,0.169625618662653,0.114518381667634,-0.0222958986332192,0.0163274567330439,0.0950681303126421,-0.0732682131195589,-0.0309108058454298,-0.218521527814962,0.165419158387737,0.0888297271966852,0.0564500737851735,-0.00841988515402466,0.143216632979557,-0.0901569355037924,-0.0613480974507375,-0.100477657013931,-0.172177247439207,-0.102553029971755,0.182186740585593,0.12552088940903,0.440879302324633,-0.0373541998479874,0.0318838243946835,-0.0833916926501315,0.0209448480028292,-0.181511068726542,-0.113920618508525,-0.205569602552905,0.0253036345819427,-0.0594413967194821,-0.208416896581881,0.00919445232609427,0.0401306609891521,0.00873691173814223,-0.2413227496111,-0.0177584906891567,-0.157616100574308,0.176336457658948,0.151752356350654,-0.0570572227796305,0.0940209963340036,0.0468931151181911,0.216224688445447,0.237930178143596,-0.0720981925194761,-0.145312266782192,0.00771002918164588,0.370215942706285,-0.144134127479074,0.234053358371131,-0.157761093420591,0.0218713564012737,-0.21697083363363,-0.113247910049227,-0.350227292160046
0.548409513091998,0.641798136380909,0.379635487107974,0.378631970263649,0.186509258021438,0.158733713146116,0.488348560684075,0.616552883835136,0.534844523736181,0.52796435938977,0.626069445116957,0.646928451900051,0.594949279835463,0.603625734935516,0.555150344502775,0.616874436106698,0.441725117174396,0.486697461852507,0.184898765096314,0.288121697947771,0.240130413550449,0.248685456489256,0.321539644089387,0.545008624379967,0.546943542088729,0.677625360837118,-0.158915233843076,0.274754804486126,-0.145058508847377,1,-0.235579023366719,0.39046579452545,0.16046624675152,-0.061152038696191,-0.228613415989273,0.71465720599614,0.533597131143233,0.611129829313873,0.338517824384817,0.451727994339238,0.496361003722864,0.345453715015236,0.244078057866133,0.120822555682114,0.396891155630671,0.506442246911447,0.309350279476493,0.328147201527572,0.073438182445605,-0.216456888388962,-0.107386795944734,-0.222484819693086,-0.276435328917964,-0.395520633669898,0.0643934811943383,-0.12367863300481,0.0822965090743101,-0.132643460499825,0.212942849061954,-0.0606954500213726,0.431114598272139,0.404102974566622,0.297432253648103,0.342541427613783,0.331064214201402,0.288226903744533,0.635769428969101,0.637132553235727,0.127789169299653,0.253848423619279,0.593145009318004,0.582458467450341,0.304422748493007,0.18260864697988,0.0248488534075677,0.215767910133437,0.120160136234174,-0.111717502784908,0.178477067258252,0.0411354899859766,0.0693713226582243,-0.0634763936055378,-0.252323415771406,0.0152565164140801,0.299062901807976,0.11526436640518,0.170214484043886,0.0223079743541737,0.359609828283785,0.19644829994339,0.403309658333702,0.361022231361812,0.170286260031653,0.138502480355364,-0.23899320374803,-0.221410953198808,0.1531959147204,0.146946038530075,0.468855274904252,0.452299973798421,0.136039032013564,0.123964793751389,-0.112860146414632,0.0667245100031005,0.0110481578919371,0.104579566836036,0.107086701751044,0.312631097848055,-0.280230287563815,-0.215174076048327,-0.0689282639158299,0.196363555875191,-0.110326300285203,0.0794832355809696,-0.223549065194818,-0.241661232770419,-0.292032721443918,-0.448161869607412,-0.594440700564107,-0.636980385840822,-0.307611444535236,-0.402786183799314,-0.57137735899598,-0.00341793281135605,-0.450302521022991,-0.145408599214683,-0.180732663574083,-0.09878550672406,-0.175022586466491,-0.40177272495192,0.233185842678349,0.0747011349991135,-0.116432319488463,-0.219675883351335,-0.339927945863253,-0.136517558015178,0.527555937322573,0.283160902119363,0.428370593624123,0.515357032526912,0.255886875904184,0.484783749441736,-0.500284515968654,-0.205748897317026,-0.113028771551086,0.0288895072886602,0.282308634098123,0.367257904017317,0.0201863219459749,-0.0663166871537871,-0.0526805399235741,-0.0745065943904957,-0.459463640695562,-0.410290187946616,-0.337241312575192,-0.307917137367899,-0.0403925882224352,0.228143548022099,0.0183572009664987,0.0848169797663962,0.298237669215211,0.200629744796081,-0.125837656912576,-0.129036604274707,0.259500320909423,0.203965609492471,0.00270721652507021,0.14292941976298,0.053876651017834,-0.0876452535798769,-0.474286075219674,-0.401127540402008,-0.292410466182843,0.110501757035763,-0.418414736701591,-0.502560342624233,-0.356949529067887,-0.348743972434946,0.374241091441336,-0.125036252850381,-0.327357878185067,-0.046871956947012,0.635928404847138,0.292287554724358,0.624364261055616,-0.0201223139070217,0.511029269855886,0.319233962405,0.282121787025995
-0.288488722773153,-0.11727374343108,-0.292332993744028,-0.150146495114641,-0.0919553861224786,-0.0460227496009289,-0.226944906683544,-0.133111314191249,-0.27219546874711,-0.14098959102342,-0.256152706030343,-0.201201576225452,-0.334670992653211,-0.196937811289208,-0.260040287603594,-0.178088590583146,-0.22065672812383,-0.190880580305235,-0.00183494107237452,-0.0577852918496755,-0.215818680007149,-0.234708731035938,-0.247889795007237,-0.380281922667736,-0.307632417640471,-0.230574263271901,0.402460740307183,-0.199982086733431,0.340351894599212,-0.235579023366719,1,-0.213420920145981,-0.424076092931933,-0.174082996950866,0.175871489379547,-0.148780711521425,-0.184640635302461,-0.167047787955257,-0.31271106819609,-0.292171358930231,-0.159730526310356,-0.16477710144298,0.0569941301298347,0.0630791590027456,-0.210275301977816,-0.272371977031952,-0.100053581885922,-0.061345840439249,-0.238121181314934,-0.00670075872871668,-0.05102582727621,0.114186693738944,-0.108068010601897,0.0290712594579862,-0.266018483805416,-0.0705545048351669,-0.277850191589923,-0.0817634174295908,-0.389683588615263,-0.125326422342699,-0.168868764459671,-0.0673774122541545,-0.233691259989076,-0.134477243915764,-0.152027869529307,-0.23437715406649,-0.247503241292754,-0.153820009953036,-0.34466137741075,-0.32184266884154,-0.232582698386621,-0.107156446623161,-0.172731858752008,-0.05632595534855,-0.0673179694556766,-0.150196656244221,-0.0796685006297197,0.044703622974688,0.00512460997051956,0.114365071062418,0.116488436075546,0.240137234299372,0.0841895862162888,0.0404735896426625,-0.28282588012642,-0.181046179410839,-0.0137950195264269,-0.0260441837776022,-0.160523578149725,-0.100798597097012,-0.201358580542556,-0.311993071109188,0.0927853914151925,-0.148451592461452,0.141834601697142,0.127784402127556,0.0294191942311733,0.0122684472308744,-0.158568141938739,-0.290177000780395,0.031237403127988,-0.00374076924449045,0.157790230618285,0.103739449861233,0.247528009287304,0.231288251522544,-0.0143290112082906,-0.101254036942997,0.252853952280295,0.365340966766181,0.137764565696326,0.0975563436727276,0.253648713665771,0.172099655633236,0.292461795507349,0.27479611197349,0.0762656494757379,0.177027779476967,0.265859882048916,0.292081751998153,0.283528471280816,0.179443754781974,0.059246901800807,0.0666722365438452,0.134124823509648,-0.0257067792401964,-0.115246681872243,-0.0220370606584516,0.0190922848359624,0.0324598054794772,-0.0546758339407432,0.058236065761937,0.174623781684028,0.297705683487965,0.226399486729879,0.169310784626159,-0.130174368519171,0.0955356581209656,-0.159460344870393,-0.0183931167049555,-0.213846896493313,-0.285788213954829,0.253942174291111,0.0731516152043373,-0.128099311986635,-0.188301101496383,-0.0491415917451584,-0.0965667330630931,-0.326182976415844,-0.155445977265172,-0.297406270582279,-0.153601259231467,0.235974243028992,0.263979632359934,0.256206383399046,0.0905661173895261,0.169263382069756,-0.157376277805862,0.0256848206386786,0.15930542612793,-0.176955135443494,-0.159986595108031,0.117245924539947,0.164849295342464,0.0505204187144137,0.0555537472778276,0.0229943790431718,-0.0693579930795047,-0.0351961751597028,0.0425437854110467,0.0180062173716253,0.0549158486922088,0.0833119567470288,-0.351020506427015,0.197456495275637,0.02525727183334,0.0512764202460666,0.00940482877614631,-0.308797483479572,-0.109649390160659,0.209860988580961,0.349857165322489,-0.152768550516406,0.09185261124231,-0.152364104127147,-0.0516459602673012,-0.287168379636378,-0.434658558013762,-0.151823693674243
0.393538978865153,0.378356355183915,0.386981589160514,0.336841623496777,0.43856054244581,0.366915340891442,0.475677391802883,0.583697198951683,0.46362818321395,0.565336672618417,0.34807954184446,0.307130886555037,0.386027412763472,0.223921016538105,0.398736934722991,0.222900914947541,0.255043488194318,0.294872167742901,-0.0254070407002848,0.0645529524083163,0.200990716936088,0.279978787268128,0.329735299812658,0.325309100437281,0.348137310451508,0.318054368739335,-0.0270557704870146,0.198792979255326,-0.247774203404349,0.39046579452545,-0.213420920145981,1,0.467649849263699,0.135298375514462,-0.19017482343097,0.249195574224839,0.342746481603363,0.247568702472543,0.360978861762334,0.625247432863466,0.295371212147486,0.302484235686664,0.125726023959762,0.409482311480302,0.308598576267417,0.306654357064893,0.139885478789573,0.28683908769392,0.134847032602399,-0.112140341093941,-0.0829935182401235,-0.2583350656905,-0.0953210005963541,-0.203828162474489,0.161908929864102,-0.0518552876235113,0.141486738970766,-0.111327751432495,0.146875622853747,-0.148427829557824,0.167756542390437,0.14267780930564,0.168582687362735,0.277418521938737,0.295052477347175,0.357928930125932,0.233707390893523,0.226623943088196,0.589663312379238,0.74075654302945,0.265315942695697,0.109771055416539,0.137624414461919,-0.0415197293540999,-0.0072476290371769,0.188147978477797,-0.0948767122752687,-0.184816539085522,0.0442634592236087,-0.0322511353955913,-0.180197509033947,-0.100982308791045,-0.0372942653947527,0.043343396840894,0.288950133323569,0.247102420258977,0.0946157562891157,0.0365291869654043,0.225234827920507,0.0431441252668892,0.292244757768783,0.317477502374659,-0.0010438095534657,0.0210389909953588,-0.182927115193125,-0.143231151996708,0.0116694856315383,-0.0526464821128784,0.220152394319595,0.27604846324028,0.00207558381668987,0.144522467874987,-0.10492071463436,0.00652905039911389,-0.0961726792911127,0.0361697395141706,0.0743252584208281,0.219969269736636,-0.274301085273356,-0.243788928445702,-0.0486106527543496,0.0972877480441814,-0.248831811949152,-0.0730731478620549,-0.285405163196508,-0.308816010518328,-0.345415204763088,-0.171020059517885,-0.438584100281272,-0.354332752382337,-0.375681663804911,-0.311524500534657,-0.440605906581875,-0.150573143465853,-0.412627810634898,-0.204028428232744,-0.119916327067597,-0.226813011175286,-0.327546489553046,-0.266234879353049,0.0879296896515611,-0.0180952238220295,-0.108712780622965,-0.330451271363286,-0.236016481520745,-0.248670503565883,0.230768113554871,-0.0404820316381878,0.140903210216126,0.196844078918715,0.248666418124372,0.395413196351247,-0.260747855480907,-0.343731170413797,0.120188500514991,0.207394100622118,0.191207917883634,0.104092502879113,-0.238916654580308,-0.221210123097161,-0.0243816749809544,-0.0302604211768181,-0.32957043927514,-0.222080589853955,-0.416862346194191,-0.100760465569066,0.01915127684115,0.0337572334074593,-0.122370272373726,-0.0353203275182158,0.236308811680645,0.0796076765857837,-0.185392483065329,-0.0826298612386987,0.21731248854216,0.123912495626695,0.0113281200289333,0.0130313895155645,0.124944928055466,-0.00152182266576547,-0.391421442671975,-0.335561880239162,-0.412239732212447,-0.0732033119840785,-0.352753628144045,-0.36191871487607,-0.339490702958193,-0.326435279268244,0.0438126212033969,-0.136632142145698,-0.307307476084391,-0.138761160202067,0.0948366799274355,-0.0703682566601643,0.407252939824908,-0.149266859823397,0.489605057799395,0.38320096198034,0.611485379531905
0.200412238296791,-0.0471626805339668,0.194705323730026,-0.023788821493563,0.331615145080037,0.0593965479446043,0.23062171999693,0.0334761185184067,0.313188683645479,0.170987443952427,0.122477400960417,0.000258135994347448,0.201920432660845,-0.0676483209305347,0.177942918922807,-0.0527098279763045,0.0579036888016842,-0.0174893931052616,-0.13185534536906,-0.176771050112746,0.127584508971123,0.141863238465038,0.591620662356713,0.450404919518821,0.354521667329805,0.102453992677952,0.277756199172926,0.583697491705763,-0.108112696043067,0.16046624675152,-0.424076092931933,0.467649849263699,1,0.622937615699235,-0.175158362706308,-0.0792481925707875,0.145198659968239,-0.0287079424043169,0.191465061856148,0.26607480358888,0.135620369151332,0.00759714539013663,-0.0675802486489346,0.011983532254403,0.142921589192991,0.114965171836535,-0.031531459710765,0.0944047014574939,0.564187830893502,0.167804246910736,0.320911327754293,0.124989073935209,-0.0522946918189707,0.165473390388637,0.577492898913649,0.313824301502599,0.609588490978191,0.336657197861257,0.570823436817896,0.194250641588052,-0.0669924194056452,-0.164140494807014,0.052517005615833,0.0279867577236717,-0.0183182644459559,0.138075292400302,0.0320317602430235,-0.0894179661989378,0.68122174634069,0.645676438122498,0.0578050513505433,-0.150092953873372,-0.155708579707654,-0.377835674167524,-0.163471255308714,-0.105926440839252,-0.421111760971578,-0.375577929154391,-0.367779835320776,-0.377190837590915,-0.510989780564636,-0.421253457991478,-0.206409192946835,-0.343355571837071,-0.000789776332149888,-0.000624817692007191,-0.258995113714111,-0.249289247748618,-0.11636871314118,-0.247478494272036,-0.101552526188198,0.0991932160682746,-0.0819981121235377,-0.0089402708700194,-0.0912503037353929,-0.0314337722148867,-0.0816630235951094,-0.189301238574326,-0.137420178180425,-0.0192373598264798,-0.0851459878823802,-0.0134861736513973,-0.157136926077521,-0.157388229822688,-0.316522469823889,-0.279077482070749,-0.0381058078501386,0.0888467199968083,-0.118006470246929,-0.178086891810957,-0.154103825369524,-0.115303722785161,-0.230897249534187,-0.127580111334963,-0.165841383940338,-0.16063553764394,-0.31691581364646,-0.217822539420932,-0.216359692843181,-0.247445814640385,-0.140461003185597,-0.136974583968609,-0.36371266514754,-0.342021350996478,-0.200195319508853,-0.167612337019544,-0.0173960335543668,-0.22334409882369,-0.254627165049766,-0.27156038040858,-0.354652615752209,-0.360642924311683,-0.402489705240906,-0.568802848799489,-0.319357408774936,-0.396633718258482,-0.0433055064721511,-0.408184060321974,-0.111223485626385,-0.217274735183151,0.213280948387584,0.204114906728795,-0.170340618898305,-0.368651182815926,-0.000844446505009236,0.0370735009320387,-0.112841864915968,-0.196443979641847,0.0553621191363524,0.140880965014408,0.298641470275649,0.146944224495087,-0.426984291384593,-0.344269157475556,-0.0912671647735862,0.0857784756674397,-0.200262192848362,-0.176566755949016,-0.319369876817977,-0.307016231373986,-0.174262459837786,-0.252494960683,-0.207487297985959,-0.143868072586654,0.01367330890627,-0.212636580518319,-0.105431367587354,-0.0960986065512104,-0.068331914597536,-0.0567026734935761,-0.379425117315297,0.0986393208277212,-0.341861357727532,0.250998837205158,-0.378112391136179,-0.262487670068131,0.000835616783084365,-0.101701166805165,0.365962934808573,-0.203792853025453,-0.158418659600821,-0.273294720987419,-0.0707908462997137,-0.178980735245871,0.126061642968708,-0.233802032256042,0.397412829026473,0.6222904359741,0.441683857344009
-0.297098081470659,-0.353894557148773,-0.369236575058738,-0.455958257279987,-0.0807498468054704,-0.38908009650315,-0.384329400726072,-0.30178236216785,-0.236669053267207,-0.185830083357056,-0.419264884661016,-0.469895679698487,-0.438684632846667,-0.536901329640793,-0.459701648097193,-0.514423120766704,-0.528505914407933,-0.514752572232158,-0.432146866217326,-0.404575458797008,-0.420813010399226,-0.366342214805522,0.133363529274289,0.112765867334659,-0.147479119479554,-0.298164105331715,0.199787506020352,0.652364165168136,-0.0794953270761078,-0.061152038696191,-0.174082996950866,0.135298375514462,0.622937615699235,1,0.0815028306892766,-0.317460923656271,-0.353003681806731,-0.391339059466791,0.127419150794755,-0.242652419029092,-0.259658003604271,-0.463793067873658,-0.146020442089071,-0.349789516116554,-0.357521703428253,-0.133955702252213,-0.446184185597965,-0.364514048748702,0.481945975322938,0.553274677825867,0.162362790050957,0.680957291109547,0.103602803524826,0.649588795511119,0.434362608250458,0.588722173981591,0.464801048239755,0.735718307618802,0.490645831349366,0.600778836823558,-0.416860807448359,-0.470167561102488,-0.398660235826233,-0.373932961561892,-0.373507125390407,-0.198434568215577,-0.325528490040001,-0.349993077421882,0.236643519141795,0.393384912181427,-0.438765206418873,-0.453297627686423,-0.444466801800314,-0.449952676291839,-0.363318657230462,-0.315250826410936,-0.328700894570519,-0.32769641302446,-0.50414385298058,-0.314204038195711,-0.374767428843895,-0.240608204353201,-0.0252965427051198,-0.343432297765934,-0.477945645396164,-0.447370513202103,-0.366822750227671,-0.209944839384862,-0.267499924139545,-0.314539390248804,-0.6050840688156,-0.478455871035699,-0.235590275473012,-0.10346729652936,0.52624860283514,0.596990623552781,-0.0343201850868473,-0.062231916405616,-0.526938220969215,-0.479415544935042,-0.0636484734260732,0.0506469455084519,0.226989586117638,0.213276892850531,-0.095439285496829,0.0286530586070899,-0.0206385649619607,0.0407536028550656,0.486554733304089,0.373017424546235,0.138837539831465,0.0954776398785432,0.274437720705125,0.217199525514465,0.434473565675941,0.433780605523522,-0.372931954075561,-0.124407257373997,0.0627864745554637,0.163593591299272,0.006835774058992,0.327756357596171,-0.251138012682791,-0.347250066045836,0.202447698459025,0.0341203644694679,-0.162205977428026,0.108645637671054,-0.0598575018646253,-0.0774560781699519,-0.470516965493176,-0.330643408136508,-0.244779131910245,-0.332561453738442,0.0498611261954399,-0.176871431861745,-0.486471785351596,-0.501660693824813,-0.521260787807917,-0.470898202152793,-0.241157387054628,-0.114975955257971,0.20746038543878,-0.0684908174868387,-0.170638522196653,-0.0994613431235189,-0.40794389833581,-0.333617946012913,0.265544439391426,0.365233309663826,0.304709800485127,-0.0348368484283173,-0.160663031419719,-0.0828540628788055,0.124026153020183,0.296902940654692,-0.154787008668874,-0.333185558519666,-0.102060709652494,-0.150004607145148,-0.549280292672609,-0.403349848521314,-0.0806477763435413,0.0237820404397896,-0.129522435318296,-0.246306799052585,-0.0361927947152281,-0.182827529340505,0.010023625388603,-0.0858367743178547,0.00525980352910031,0.515698469393341,0.0801909926151782,0.332147767418421,-0.0560677622231524,0.137389641817891,0.39318592679142,0.13632501673599,0.288245806456548,-0.171092455694214,0.447461135443586,-0.105128783777126,-0.385561336747768,-0.184228191416457,-0.1953309636622,0.111378234322471,-0.0879014870360919,0.299183324775484,0.259786547281411
-0.358344286282969,-0.267577012434592,-0.258811027746563,-0.194576256889397,-0.0196649149860101,-0.119503840519038,-0.284765844342898,-0.231970840821253,-0.222396809262976,-0.125831625060169,-0.345081787812623,-0.3288250956441,-0.360945456679983,-0.281435788596401,-0.368036310447611,-0.288609445769565,-0.303096690948095,-0.287949548671833,-0.047746462296001,-0.00630491397533192,-0.185362712645616,-0.178452142474662,-0.14499693776182,-0.274147190024122,-0.281434422125607,-0.341223800019255,0.0186062055837928,-0.0731287099630757,0.357104526454021,-0.228613415989273,0.175871489379547,-0.19017482343097,-0.175158362706308,0.0815028306892766,1,-0.250479503165177,-0.144754441457696,-0.230689143555695,0.337226058320877,-0.285311829510801,-0.0674254810789588,-0.124235293713879,0.103837926113556,-0.0211303924500697,-0.319012530808921,-0.160801368714212,-0.262386807407753,-0.104636809453256,-0.273022111194553,0.0999848513433952,-0.227045919691471,0.0667384233488996,-0.13203922732864,0.144481517121056,-0.225103359990367,0.0640654681020713,-0.207133021578591,0.0363612769145528,-0.222532617485342,-0.054063953516568,-0.22950193662639,-0.231259920727036,-0.19509407565284,-0.18835471264355,-0.204585678714957,-0.109448896941583,-0.267145218946919,-0.208212136650721,-0.214657109787407,-0.195477127760766,-0.327283606363568,-0.279268876770501,-0.216874100472137,0.0745675131623452,0.0655140831431002,-0.068537435063332,-0.0275077889700153,0.0214327073302863,-0.107998812078482,0.0553120006872387,0.0679687406326841,0.215132603940838,0.0720237687476237,-0.0540984333109132,-0.245473734607987,-0.218189854646827,-0.160345302288798,-0.13996096293271,-0.194216974362469,-0.151195769371934,-0.327265970746463,-0.255178169812995,-0.0768771691530777,-0.168284352659851,0.283492218842711,0.243049362276509,0.161873015050081,-0.0364306088006944,-0.29583342530086,-0.337654206446271,0.139601555573523,0.133324409820873,0.267403762992596,-0.0106319771560267,0.189473145143428,0.206599946342925,0.128857593162318,0.0563666805683342,0.36397258735318,0.286817834416996,0.270295848782213,0.0747622101050495,0.30031109603236,0.114020324645238,0.354436719727248,0.352490610524027,0.197547327284868,0.13905712856586,0.234183010094871,0.362132641884476,0.224731970398614,0.32286165529918,0.251557077786405,0.0964060330514235,0.229120850510667,0.211135258562181,-0.00853349834004709,0.279601920232037,0.209918026118593,0.237655134736271,-0.123944269567984,0.00619529445703318,0.206475387330791,0.19321757775196,0.301867275392858,0.181964143059129,-0.333525567015307,-0.0505511764465315,-0.219012022521398,-0.199721836314999,-0.270824941106892,-0.197129102679386,0.338021211900976,0.242033064972678,0.00020679636620022,-0.00510685992805631,-0.265020436985405,-0.26322726268992,0.00769751631049769,0.0886841955867724,0.038297045613593,-0.0986917711676644,0.288945251968352,0.186239421792922,0.353116956634627,0.151547682454671,0.119795074639119,-0.103511537385631,0.0702201409078055,0.148361754866285,-0.213685932377516,-0.168001272565753,0.166762574654729,-0.0100016832453791,-0.247960249629938,-0.100651000389617,0.0551834349604028,0.018339316643292,0.0728830923283171,0.03517915089069,0.186523037211582,0.345902164098609,0.316092470846211,0.0373644575048529,0.412641105748512,0.226341033257196,0.354046477901075,0.266618841749765,-0.0964797999799064,0.119819285237175,0.351491167180945,0.430990068724702,-0.258530225061999,0.323390925727419,-0.154947100298709,0.35970341253503,-0.138265755346922,-0.299177265652936,-0.0820167057641138
0.604179641634195,0.731710546223484,0.451708461456925,0.473218981643936,0.203860632640653,0.326964919430222,0.532260588332077,0.547266980553591,0.44170128576072,0.379632191775543,0.731725539342717,0.752925057973672,0.652077736719838,0.71461296226793,0.660412127000847,0.733971595960422,0.525098769885288,0.563382891652141,0.25382889817494,0.348210504926848,0.396039489280368,0.434518929017883,0.280905820364896,0.541026011877862,0.574520927360291,0.738326290452933,-0.307372162861994,-0.0741334010273634,-0.231116514869814,0.71465720599614,-0.148780711521425,0.249195574224839,-0.0792481925707875,-0.317460923656271,-0.250479503165177,1,0.648864954802645,0.830374830651586,0.184591914468743,0.635728280651787,0.511874564538497,0.543917315697442,0.167657008962786,0.303501674657791,0.558688542447569,0.687503132074832,0.47113481223394,0.503044321321249,-0.0285038529427752,-0.182325118370244,-0.211565468843078,-0.351923321676556,-0.231369056027215,-0.42363499550021,-0.0875268143680358,-0.195983718119757,-0.096941002621869,-0.306409610476217,0.123095573334021,-0.0944972735252041,0.599192620073661,0.634511729170075,0.485529988723986,0.555026413720083,0.600103917002163,0.497665689224921,0.756172780851415,0.78278912061068,0.101292443214457,0.247934187740807,0.698599667309152,0.73640824778117,0.494336816886678,0.413256579665262,0.198793813845613,0.438650028305847,0.274696340319666,-0.0971355475658978,0.342600829977455,0.0548260780595671,0.231905698350286,-0.0497472872033925,-0.21277991251953,0.173835340289266,0.439878608837854,0.247802760494449,0.300419313687278,0.0764987534271827,0.490873207925672,0.301607330582411,0.510832962362548,0.423941225884052,0.201255238557528,0.227473626148489,-0.308154404525849,-0.353583492240028,0.222352329219727,0.262869000885097,0.605755947010372,0.563464679991456,0.13518796811185,0.0634730568657531,-0.136439991761343,0.0326304131620685,-0.0214225099685293,0.0849219798243051,0.0650453576664323,0.257536610410274,-0.368144485127556,-0.220447161126333,-0.0974598435751731,0.206595196159038,-0.126110565843956,0.0800297816616822,-0.292105834376124,-0.25635912826735,-0.232965406453795,-0.540058674073697,-0.579533671280846,-0.723079178872137,-0.397648509210957,-0.545903156472483,-0.451814867094309,0.126016732933491,-0.483904872864432,-0.155985132762794,-0.183968979480774,-0.170104758405496,-0.118954975438251,-0.366281784368268,0.367539338642625,0.0452584386562755,-0.0905125074241608,-0.159963711644382,-0.365341223653184,-0.103299147194349,0.689023528700473,0.426928714736785,0.617316293893903,0.729002819220033,0.407625563259495,0.639420961993701,-0.53350189434317,-0.18214960938506,-0.117304977688397,-0.0746247355264451,0.36332178481483,0.477400867168015,-0.00720744711351621,-0.196089869912798,-0.103332333801446,0.0760139017799536,-0.388357827101306,-0.548890964482974,-0.408376436605256,-0.468554229170433,0.0280348465536925,0.475989679519952,0.119378535587507,0.14148705669755,0.479409872507048,0.386448326826464,0.0176666605400252,-0.00687304745510771,0.362860100573232,0.251422418953352,0.0107286385011389,0.18491090171077,0.239698971254213,0.0675808879109639,-0.367546812973234,-0.51166253060644,-0.239077410183912,0.0666005864156153,-0.345662626971241,-0.552230926798303,-0.516183843290662,-0.450735605790388,0.308021212595424,-0.0799430681422015,-0.385706002670355,-0.000865220832995233,0.860744793882325,0.206984722377082,0.82877108900261,-0.0104454289057606,0.597614853543896,0.217048439421787,0.231848377588234
0.67773100799012,0.635800879255377,0.625746596701989,0.585148038792612,0.452030610790035,0.533381991681502,0.700883983742217,0.539826851715872,0.629726776959646,0.448511669656408,0.843828527333689,0.790957490274685,0.822825029220798,0.781793201747234,0.831548037174544,0.787641788305045,0.704106005087566,0.67390523944495,0.328705885706937,0.319830839614307,0.625512696276308,0.621309861184924,0.504230397612817,0.549074637166117,0.751743718174818,0.739820534369522,-0.138788501249202,-0.00610362538577044,-0.0992321239213469,0.533597131143233,-0.184640635302461,0.342746481603363,0.145198659968239,-0.353003681806731,-0.144754441457696,0.648864954802645,1,0.793351790247002,0.300237165596799,0.692456856620062,0.702083897453813,0.667061597386303,0.132778907079481,0.45720222955118,0.775279180154896,0.604775565118781,0.614662800317481,0.681152657390341,0.041848236025011,-0.326370545910496,-0.00409434225457491,-0.471315390822291,-0.333428341939673,-0.510879924750663,0.0320627301984217,-0.253105102574302,0.0865892131527402,-0.385564878160014,0.112045898701584,-0.367564474225305,0.643053553030962,0.618571838819474,0.597856269649122,0.676085534431986,0.570677175693743,0.570884421544956,0.705270748336477,0.644475219597058,0.241925177015138,0.312598839335321,0.84059894508134,0.700740026543102,0.557798288028604,0.365176398494946,0.344692468138083,0.531956124799623,-0.00695285093761565,-0.118906486391381,0.229705429889186,-0.0368534309379122,-0.0557462622014085,-0.192615454128022,-0.291947855321612,0.0143966914757396,0.535373128708685,0.387943783291494,0.141150666665063,0.0550832638268161,0.292730012196849,0.189112073172824,0.647570870742651,0.617222417508969,0.0885944536000612,0.0952295975979916,-0.664893211009431,-0.630666016697248,-0.0279187869919808,-0.0217877276664185,0.587377923436741,0.572135777087515,0.0836849339688045,-0.137232448578435,-0.402583321247034,-0.332135515893594,-0.157865756578248,-0.186756010801755,0.0224964225057619,0.103881762940007,-0.590745159874749,-0.509603663871504,-0.326558353177253,-0.06516005335968,-0.458999575850596,-0.258365977014979,-0.537684311190975,-0.500522427562925,-0.107306830158031,-0.338783726582048,-0.505241363109569,-0.583895652000187,-0.319192995082079,-0.582436554120246,-0.302388429797854,0.179712502114628,-0.498587769448226,-0.217373700530309,0.0214109742729016,-0.270378933932973,-0.0944219990075303,-0.357725462214283,0.215666227734986,-0.0344504302127364,-0.26529087472563,-0.355690234462478,-0.486273619177246,-0.294009641269613,0.766157422538716,0.391001645106677,0.645271747717529,0.605625014774533,0.660402395570376,0.654625089918452,-0.551816903771296,-0.315195917111152,0.0799539369715186,0.136422574072383,0.421896898189288,0.425208968846484,-0.134833514751536,-0.22095632984255,-0.0775978344364377,0.23602929885712,-0.388747775558433,-0.437983358226284,-0.350639178941458,-0.392087472087818,0.0464494834097536,0.482785640223344,-0.0544177872867889,-0.145995619837132,0.456616847836199,0.200961089814175,-0.153675194579617,-0.215789022178694,0.199584938745906,0.0912052045937547,-0.0477636035670451,0.16485001540578,0.0875404767468191,-0.0237018915268437,-0.436023110916149,-0.489449263206404,-0.320488906910412,0.066113734454639,-0.314686190094581,-0.545476763220576,-0.536725088463056,-0.308379322834253,0.222413744970422,0.0682181577317847,-0.610886583312121,0.000840552211573112,0.729726001848796,0.0125930362332603,0.627513877933706,-0.209610954756447,0.666197342424158,0.36406738815904,0.235810971591016
0.631401708550601,0.691379578396204,0.515793025683995,0.516080514569035,0.207842195465847,0.413279639704018,0.541102305535579,0.460758825856509,0.430956582021186,0.294138870304547,0.79754793547344,0.840898193038918,0.757934074515084,0.812720632562387,0.770629294572761,0.823744414145388,0.637138063677985,0.677633225701776,0.269155588764743,0.342113162714182,0.551014714337411,0.578936946889887,0.314166556773502,0.523607605474641,0.625794353092718,0.796975552339483,-0.234908926389638,-0.0740309524393587,-0.178266521487276,0.611129829313873,-0.167047787955257,0.247568702472543,-0.0287079424043169,-0.391339059466791,-0.230689143555695,0.830374830651586,0.793351790247002,1,0.242357571246486,0.722526940861528,0.558773497239063,0.743621728953953,0.173096953243681,0.502649751175759,0.741902940935116,0.699480996264685,0.591931025570881,0.669336592447905,0.00927854176223201,-0.259235537401026,-0.122457292202016,-0.437102737868709,-0.202462214879217,-0.483875729969773,0.00302670058275838,-0.261569541741682,-0.0248300857269887,-0.367714921916137,0.13655783023626,-0.255513520794675,0.649265456179351,0.666224690359514,0.562229728257396,0.63195558279042,0.616022228107425,0.579589838674915,0.737628383346455,0.726858325755893,0.140912801874638,0.256381496801335,0.80806565196523,0.822771382678045,0.615611215564049,0.578382550025259,0.394103268295903,0.644716608102929,0.185523492517988,-0.130847226296359,0.326990697499069,0.0571143485701741,0.119745420099465,-0.0950570325400881,-0.271430382935,0.0746875851964162,0.526671589642627,0.390720965566347,0.268697031172115,0.104598626650342,0.47001039714969,0.291223623642887,0.645209163152743,0.519804680877074,0.199929456151251,0.101478791049479,-0.515456355899982,-0.549431832915013,0.142902467720274,0.0842975019646478,0.657603290467661,0.594452405349341,0.100180249971102,-0.053216655975992,-0.27687955895214,-0.096637067520078,-0.0761118650562371,-0.0739363491045992,0.0710442039056492,0.150787044691769,-0.503440557104892,-0.346686303644523,-0.158200464826937,0.144513508331705,-0.281858847902898,-0.0507612854742862,-0.417057869687487,-0.399900042793221,-0.184501571551108,-0.464480330229063,-0.532677697359709,-0.675924836608043,-0.349919630750201,-0.610371463405849,-0.373601105800215,0.178388647124821,-0.444063894287592,-0.143892980929909,0.0305682977820262,-0.190116151748112,-0.113583528585842,-0.297439546448591,0.323818942926386,0.0242237416564411,-0.148690811210434,-0.240896312918803,-0.439172198819838,-0.242879204911913,0.743962828445057,0.492344704610332,0.648902251016947,0.690564901388197,0.655969764599769,0.683871478171432,-0.558142501106373,-0.147039788049642,-0.0509672495182914,0.00168878364122821,0.442369233507142,0.545276487879231,-0.0117283489434853,-0.154150268362497,-0.0797431182235299,0.149063479719711,-0.356569752230976,-0.537705634578489,-0.406821282750432,-0.460664552668201,0.0379322078328579,0.59032797593949,0.017719008061172,0.0381008187107663,0.488080274185252,0.341604628087422,-0.0754800180167102,-0.165426858350282,0.305101643249912,0.186288751786659,-0.057639081104984,0.144401861789115,0.237768183214479,0.0320061710260164,-0.350106662101231,-0.492032816012515,-0.230350663049722,0.123608724162922,-0.266550063254994,-0.52822183412211,-0.503635759122063,-0.327304097627518,0.246070369307292,0.174006383694585,-0.49402537034353,-0.0128855214653613,0.86479895267605,0.124813444668887,0.709307212741787,-0.113947900395794,0.669317677751778,0.203068099284747,0.214452080540537
0.149231045829322,0.206088178708092,0.160122423245445,0.210671396595369,0.208884248290486,0.159402896404736,0.156380164199544,0.311607313983389,0.248656711384663,0.351012468774814,0.154322737909962,0.162719627501919,0.199015397044515,0.184857464599074,0.127332092793816,0.157044171588909,0.0913784855212352,0.191120105057062,-0.0255235251524412,0.165902702889995,0.0809315487839769,0.122125973356353,0.238031160817849,0.305961069410346,0.267241810919105,0.22581747600573,-0.242033161098634,0.144754201470998,-0.0423155437581759,0.338517824384817,-0.31271106819609,0.360978861762334,0.191465061856148,0.127419150794755,0.337226058320877,0.184591914468743,0.300237165596799,0.242357571246486,1,0.285795106746209,0.432302570434049,0.258817664465662,0.422134177465066,0.207496384323806,0.181829634250487,0.346209012142533,0.0954826350889013,0.213794269180408,0.0513581987815445,0.0529204292770515,-0.313350479280012,-0.154031533965213,-0.130484872187048,-0.0766466738487378,0.0704641475429205,0.0664802470617495,0.00702390580580742,-0.028728926518647,0.0618920374341858,-0.0799038313968566,0.126844995009786,0.097684358421322,0.138844432359801,0.164583302720401,0.136944882421695,0.1783400378057,0.247948259364337,0.278978475101548,0.141343828726634,0.295256099721335,0.120009270680489,0.0976569593019413,0.138450445628742,0.255451295286046,0.138932805964335,0.163931697805898,0.0274278589884432,-0.134535891055527,0.0426619905199888,0.0143976716318989,-0.00528468892121705,-0.0380914936262187,-0.0199232286904749,0.0180244469595617,0.141536073475596,0.0927806789041566,-0.0285190130366449,-0.0252575004677511,0.127298592397086,0.0136232309836644,0.127510752861557,0.164549352860653,0.0309340117476784,0.0241977015063294,0.0503421243230454,0.0707766949648717,0.238148018501532,0.110830946362274,0.155682041693559,0.154752198542168,0.184587999538172,0.260312608773916,0.0775487493449975,0.0274149539576676,0.0310422591432959,0.106985839493872,0.297542532003662,0.335612830473849,-0.0138727092059699,-0.0476093173564975,0.207538603740144,0.162046421642336,0.0597957334936555,0.143507256178485,0.0136449395533642,0.0112212268606826,-0.184109689654632,-0.16668421461489,-0.253531780778648,-0.187833404373012,-0.304475185664474,-0.177740744857521,-0.212533578878892,0.0180826861375978,-0.126338781816397,0.0556050008842768,-0.0979185562771592,0.0433959127030695,-0.0351816160313693,-0.191373246094275,0.0508357738213373,-0.0203724806675114,0.0894386464585873,-0.11262597656983,-0.126104132768688,-0.0846319814667035,0.0799266717977617,0.0513046211025736,0.167787591505377,0.158575857056427,0.143996237788687,0.294680875527768,-0.0994504437708089,-0.101082694029237,-0.0367210367665573,0.113443677565954,0.033730752465638,0.0696371891289368,0.000588972300122943,-0.0173797261835631,0.0557993388062231,0.0257031942962501,-0.0765444085700916,-0.176880908310685,-0.190051620478033,-0.0882657292921739,0.100566661124724,0.223858898917994,0.00205636371021527,0.125752157881745,0.0183270694981455,-0.00960757894465228,-0.0555981909745182,-0.0886908977551756,0.00906008286277397,0.0356176187402649,-0.0436512398925582,0.0385575437822928,0.131027708065963,0.0322424941917712,-0.210102526708762,-0.0527200098582545,-0.0553013068030508,0.115955629484033,-0.00505383813859577,-0.20647025737108,-0.0538767023605805,-0.0907506384872068,0.238333767879087,0.0976269449853026,0.00143870760933489,-0.0291982407145081,0.16813157175305,0.154031585426965,0.249781144638175,0.220966603881201,0.347905681372159,0.235975944722828,0.261614675656669
0.572690808830426,0.538066426458167,0.517137540263707,0.475663264921079,0.316756987503963,0.478011081354944,0.622745058743087,0.505390065493043,0.44488432861087,0.361770477915736,0.694389420324523,0.675857010048843,0.700052747858313,0.619299188481599,0.729430261236934,0.636201114173005,0.509400193803586,0.522562096414707,0.103864010563601,0.199148989848046,0.505002774166101,0.607058581350802,0.407708376389011,0.532202844923724,0.597255755323704,0.653492968071565,-0.223764274824889,-0.0344132394738451,-0.363021603677688,0.451727994339238,-0.292171358930231,0.625247432863466,0.26607480358888,-0.242652419029092,-0.285311829510801,0.635728280651787,0.692456856620062,0.722526940861528,0.285795106746209,1,0.515307585306546,0.790731386862909,0.118223564694753,0.697161273367845,0.640681640249596,0.651478394002556,0.498290530014494,0.603591799985907,0.15284323529505,-0.167165509021477,-0.125986511073306,-0.498310904652393,-0.0917869742920144,-0.371208502943307,0.164492495076017,-0.133202525693486,0.000834128584501202,-0.346478565098845,0.121823583281993,-0.265896046660452,0.430841909507811,0.424364526623477,0.474023863350768,0.59451776965179,0.620693774751757,0.661792968596725,0.516722906909133,0.478696120663068,0.432727822009549,0.593070832279947,0.582681752790952,0.458108694899025,0.400258347830283,0.264161910577252,0.291320025729358,0.518647134099244,0.0109825696881764,-0.212087115683919,0.154837052773415,-0.0473333219570152,-0.101156197840854,-0.169388638459165,-0.245373775807449,0.0276361680210347,0.539178486881981,0.44518299273591,0.21602515341168,0.0497625276504094,0.443937329806722,0.223669538375464,0.58399922176225,0.548914974048204,0.128524607977653,0.17550998485809,-0.488364121326876,-0.473791312885669,0.104088544228428,0.0989627590038146,0.514412270596814,0.560747605596448,-0.01999878212271,0.0753980750322855,-0.242130028897767,-0.0500027011811215,-0.192710866969719,-0.0709692022534591,0.0447611151156609,0.22020497255496,-0.492153261598127,-0.382862092092268,-0.167003515965317,0.120269605847358,-0.341115865189336,-0.0965368956127252,-0.468256787851507,-0.452596049360749,-0.245543425940355,-0.383433169133791,-0.538445666019774,-0.614184623967548,-0.411459929088274,-0.58669920978719,-0.351623082945128,0.0208538831609917,-0.486454651551903,-0.235221764075692,-0.0358217625215427,-0.296682116751107,-0.189582115180777,-0.366642536807338,0.179407507948578,-0.0892907427379743,-0.239795771220763,-0.364722780447834,-0.472678343958444,-0.371361856297221,0.543938432303509,0.212581485884585,0.470342570133429,0.463339138512236,0.573868741571119,0.679649089972975,-0.525317565726544,-0.343751153976807,0.0271323979515696,0.08834477117134,0.293713352059021,0.334342487588772,-0.179005458328197,-0.322538859087609,0.0052455998990436,0.201129349468674,-0.412593038067123,-0.49755450954742,-0.476475623983173,-0.343411128872403,-0.0233819289052141,0.374620470538142,-0.181376705579376,-0.022877904498592,0.488582194864946,0.351767271992183,-0.123762093317983,-0.107959405250439,0.356817090242784,0.177230691933074,-0.0295479370655256,0.098382707349078,0.225056140944701,0.0571363989282813,-0.403820684565751,-0.517184234853671,-0.369593582568241,-0.0184842700544198,-0.410204290265411,-0.520392071289381,-0.567409350716883,-0.445455363547262,0.0885802662758138,0.00309891001430093,-0.495411982192379,-0.164667804091425,0.563351314456422,0.00588970631198264,0.683127987944264,-0.198956785648859,0.822542459627494,0.388513262561719,0.527870313075503
0.40011486901016,0.415914535563506,0.403326786837725,0.437799899272014,0.347399635754022,0.409541035580559,0.471024709837081,0.475408092720132,0.472525834686597,0.458515996148494,0.574420481065553,0.606408181856006,0.584609160632235,0.630370842671395,0.526520342833063,0.62172106341376,0.549139295846309,0.599661332692745,0.345073521113475,0.410392378510794,0.482004168970951,0.443744649743268,0.287815416867766,0.354010591856613,0.510458111276501,0.488942191428104,-0.163162401832907,-0.0772020473302855,-0.0501242258500935,0.496361003722864,-0.159730526310356,0.295371212147486,0.135620369151332,-0.259658003604271,-0.0674254810789588,0.511874564538497,0.702083897453813,0.558773497239063,0.432302570434049,0.515307585306546,1,0.551448348554637,0.520016388398419,0.384182596053038,0.572086462298909,0.463347209880129,0.566345485195142,0.483513687576711,0.171197280359654,-0.240821745884708,-0.012082403805081,-0.356837186734441,-0.164401060095424,-0.378794596410282,0.127300661660301,-0.192963582763724,0.133227239362527,-0.272015497669348,0.0723163998733791,-0.275476987307743,0.480346043653071,0.442125223497311,0.4202665029879,0.505711822197853,0.422385664089845,0.337034529411728,0.516119786749722,0.487225452065264,0.210199177960712,0.242996153659517,0.582065029384562,0.491126189511584,0.480025081336348,0.357482326841258,0.472012191845345,0.331935420213604,-0.0228733540397204,-0.0887362491163199,0.221238532399795,0.0259043602190894,0.0997947753473533,-0.124304448015258,-0.166854632687724,-0.0139393592753037,0.353600588560062,0.26639073047942,0.078256440868721,-0.0685464936763117,0.193716173152586,0.0560300118124987,0.486698277499061,0.486866170767785,0.113899263747269,0.120342049160471,-0.43749934777017,-0.38082092123004,0.170145662217619,0.114137101970767,0.495502453230924,0.499585845323105,0.188362355217407,0.156944359428985,-0.20714960807054,-0.126285190862615,-0.05095594376747,-0.0018810238643372,0.155177078760443,0.255267792673067,-0.358400268495175,-0.298264693503039,-0.0850899106952842,0.13666936743408,-0.163305448566587,0.00787986309302883,-0.249692267609633,-0.262234869531468,-0.141572342266057,-0.315270987504069,-0.435809005583935,-0.467701062023475,-0.266330111700855,-0.436969653159725,-0.4060934461657,0.00686114781286143,-0.4332467078234,-0.237133012688686,0.0350726433079248,-0.0999662045633372,-0.00594399290980178,-0.30259192961884,0.216944468516993,0.058171595857271,0.070994944608885,-0.160348554180003,-0.250199669237142,-0.228094291187685,0.497384223189762,0.281533443109953,0.482345001750807,0.480529732793961,0.491124276164654,0.485107598278648,-0.289307325068176,-0.366873636416691,-0.0395864338977837,0.0219220578208977,0.355086504603892,0.326015147498259,-0.100385862673853,-0.167351605110277,0.0367792366196443,0.105808035792502,-0.355760368029644,-0.324492458959992,-0.298328685172771,-0.364456987401618,0.234949569922412,0.389246784910654,0.0412746091152812,0.00194503008377441,0.329892011509045,0.176535059931935,-0.040825568937006,-0.121569035428889,0.132178974918626,0.00964142129152016,0.0389399193391605,0.160940331309668,0.0687663463937044,-0.00697379801032088,-0.477505285375027,-0.319788307577333,-0.175885321920996,0.0927805030833588,-0.153262805511943,-0.510081756696514,-0.392319817962776,-0.297634542726935,0.188152631397025,-0.033115362284618,-0.344946133436635,-0.0935010273894396,0.512086843983661,0.123886849684393,0.55323137945141,-0.0633639526060777,0.59460574263621,0.266765409744118,0.138506376982544
0.426150131937429,0.409484187267524,0.432279807296115,0.41755336264418,0.19321559039128,0.419038340722868,0.475047004508278,0.34778566604149,0.338073730999671,0.201345885015962,0.607569281103584,0.61002513081811,0.631510619805504,0.634701547182681,0.651795434952073,0.633065661891375,0.518724681294729,0.542443702818079,0.19145116622581,0.284168740657702,0.513799506114654,0.547387086976146,0.198162371048075,0.362212398677569,0.437145525102028,0.554423271312704,-0.22270487425688,-0.237401455145559,-0.199369664434572,0.345453715015236,-0.16477710144298,0.302484235686664,0.00759714539013663,-0.463793067873658,-0.124235293713879,0.543917315697442,0.667061597386303,0.743621728953953,0.258817664465662,0.790731386862909,0.551448348554637,1,0.263232495044783,0.761843055365585,0.5836746653084,0.50745754297129,0.559219156012247,0.629564793493618,-0.00776887787232636,-0.245875594708062,-0.109559832297636,-0.549405846310209,-0.146431471064192,-0.438989204172974,0.013709868109963,-0.245571635588333,-0.10860284518958,-0.437833552350554,-0.0482554115135253,-0.384271959068671,0.412675524334423,0.410900990806522,0.418901599630123,0.493692274208689,0.506931117499284,0.523384632794765,0.44266947624024,0.424381532699653,0.189343249323088,0.274840835214161,0.559425722691691,0.483598792432541,0.43135581535107,0.422314632126318,0.428215422463754,0.497366739481635,-0.0192081470629933,-0.17011479497387,0.166727859139955,-0.0118608686773872,-0.00267374311206456,-0.0494368708930438,-0.26236748242356,-0.0289107965768554,0.486059405636959,0.373250708118735,0.162750583125798,0.0226154428983985,0.319606832166126,0.145198279311375,0.633265713458497,0.525185394990114,0.148314369559205,0.0991029761799589,-0.534716498984671,-0.554572695411805,0.141887343554018,0.0861634801462111,0.590233198819008,0.560047845217698,0.0105467353108933,0.0697335143041748,-0.23491499125305,-0.0649969670460408,-0.0615928159692083,-0.0201756320903246,0.0665338710748596,0.153025196529525,-0.453868500627589,-0.302224614440505,-0.104578851242447,0.171562706665285,-0.266440702046688,-0.0611195899694402,-0.384288590183221,-0.38153443138604,-0.0542560551827006,-0.315841619355618,-0.370947506207306,-0.461794788675785,-0.186926753090086,-0.50819988260884,-0.221989641662553,0.0333669762235649,-0.331244719834465,-0.177275242461521,0.145578789845256,-0.120893700608106,0.0311706496371776,-0.188053988241055,0.136507086031499,-0.0744942836827701,-0.121203299996699,-0.192002221773304,-0.347858539793607,-0.298307749595816,0.495230190755169,0.275266152564685,0.504530614555908,0.441254716396553,0.557076837107028,0.513607858228515,-0.42270562874021,-0.247212008438764,-0.0537456390832181,-0.0425328389287525,0.247319037728463,0.301592565525402,-0.0863935265085325,-0.275720421424532,-0.0211511636623569,0.146904431004941,-0.320939112991034,-0.409809670621576,-0.304455578991322,-0.317908504009923,0.120145540516811,0.381131894932085,-0.150478943405151,-0.00142116369076994,0.444864184492272,0.332090508559126,-0.0139962163588571,-0.130032242877301,0.222286676743772,0.0967865146176024,-0.0219779802916715,0.130052633541085,0.221966633570222,0.07601794439498,-0.322641063585377,-0.412806995275216,-0.138663651130489,0.0350248323130973,-0.179017852818724,-0.478528270113512,-0.455690917580571,-0.300542882513336,0.0277532446385653,0.141805017006853,-0.42983933181587,-0.0524192474430717,0.578393301493501,0.158113976467885,0.51942395453518,-0.0850882933962553,0.691012626233801,0.132622866434245,0.245591308204762
0.0271125079666151,0.169727365631625,0.0644496451014111,0.181617041096188,0.0603782699608142,0.181052513008608,0.0844283937955139,0.280476783880475,0.122375496351336,0.329576316550962,0.106706247156889,0.197572090359753,0.132238104600883,0.220386655628551,0.0657011918533481,0.202944797458409,0.159676355834613,0.259044132003476,0.264041595798885,0.359259210704261,0.157936846732226,0.129257516537702,0.00442055448051231,0.0346150535445895,0.120669936440913,0.149203016300884,-0.0453317053862474,-0.147525709324146,0.0697893626611832,0.244078057866133,0.0569941301298347,0.125726023959762,-0.0675802486489346,-0.146020442089071,0.103837926113556,0.167657008962786,0.132778907079481,0.173096953243681,0.422134177465066,0.118223564694753,0.520016388398419,0.263232495044783,1,0.264260959238573,0.227706620430192,0.253843221961401,0.285805676826692,0.245978625665869,0.100431116094964,-0.0256960094055989,-0.21927643966996,-0.241016282246735,-0.0313916617874194,-0.144817637408808,0.0295988740539787,-0.0603974320892489,-0.129718336217223,-0.199011780726141,-0.13318713704085,-0.195749791121129,0.109012176547909,0.10478550978181,0.0832472228320969,0.134337454309547,0.133690862724298,0.0412006972209232,0.129064898474248,0.185620089673577,0.025760809373047,0.0180897891202982,0.0715501693268651,0.10595512399,0.180772362816657,0.291450595629714,0.35363452419081,0.0457647372986222,0.074527646537668,-0.00728952004148079,0.160233325318384,0.0501871014958997,0.136166829109264,0.149111225957769,-0.0521076186145668,-0.0405763608505311,0.138967040287476,0.1108952185715,0.0202274246670321,-0.0468180900783425,0.0656410773304921,-0.0242191222803831,0.15683361730986,0.0813331925343675,0.13878355533297,0.00294090963608463,0.0847930825537855,0.0920820792931383,0.291130730913477,0.155662278100572,0.193143998276452,0.172991744277136,0.170456471913969,0.254025251668276,0.112448456413612,0.15425716807891,0.223732024747865,0.304523923927985,0.220788376219937,0.199229723125878,-0.00632803044310042,0.0565440500415866,0.225367354957971,0.251939133224012,0.123790320531755,0.158498156855691,0.0540652939353686,-0.00955184775311716,-0.130882606229723,-0.110064037269454,-0.266318053780346,-0.172387907165326,-0.0719762596266661,-0.201896856565118,-0.31698191525599,-0.0581574150395647,-0.282478643659954,-0.156401889818026,-0.0176277529524545,0.0214002668298615,-0.0319409915446441,-0.135528419091227,0.147137139726287,0.110904912821389,0.345533429101492,0.0518056684525371,0.0773132257060595,-0.0805750873477575,0.0901011197258519,0.0903202222009517,0.139706555954973,0.193530729420824,0.184023331580596,0.166161428757266,-0.0119080644387491,-0.22736861679421,-0.169323168010734,-0.0905614831063807,0.0949552889648624,0.041387724476178,-0.0803821995835311,-0.153725651392366,-0.0117935181890271,-0.123559862388294,-0.127790887598279,-0.0644762099878476,-0.11568545246916,-0.252103701203973,0.269731562468167,0.162239836702591,0.0482634793821548,0.245995459260659,0.113646634658923,0.0472780772267324,0.0397141322588338,0.0426066515686263,0.0667765105286005,0.0526535238995751,0.102453325313707,0.172788294439404,0.0494266310551089,0.0844158173950295,-0.392507886130044,-0.146634025892184,-0.0580535802645292,-0.0440092151713839,0.142635109031342,-0.382219012746652,-0.0982548560882523,-0.20631677199199,-8.63419660132071e-05,-0.0890047369948839,-0.00735263054156439,0.000572229361328517,0.138602498053803,0.212074840458648,0.193524337078469,0.060192669977652,0.25227366219637,0.0527961874657126,0.0636689503883194
0.24332614013379,0.263604599919791,0.240157314491555,0.214857174752108,0.107614642106535,0.249260425061172,0.351543285575298,0.219098065707533,0.142057513728935,0.0783180983757116,0.360832098605972,0.376264848735153,0.375671111257312,0.342917868421725,0.453216738112346,0.33538646585428,0.264248620087142,0.282001086557486,-0.0115871505881531,0.0588061035818143,0.31632042724476,0.379729686837318,0.117645540724627,0.194458929310585,0.237610848748698,0.380616964970612,-0.0294695482684469,-0.183361917029877,-0.195302013315235,0.120822555682114,0.0630791590027456,0.409482311480302,0.011983532254403,-0.349789516116554,-0.0211303924500697,0.303501674657791,0.45720222955118,0.502649751175759,0.207496384323806,0.697161273367845,0.384182596053038,0.761843055365585,0.264260959238573,1,0.430799881296714,0.343925498688972,0.388993225976373,0.515340380393503,0.0259582557809655,-0.060186859196171,-0.220811573846851,-0.488439477733247,-0.0235191101192671,-0.251275614541789,0.0427431044329487,-0.0452554569247557,-0.24730653446335,-0.457259459865573,-0.227811402201475,-0.438528964662158,0.124695730396689,0.153808024516193,0.232681397803873,0.326979431834609,0.386529481056334,0.451635241896291,0.168038204198991,0.172505610617785,0.203990841691492,0.281715743220365,0.291397789971222,0.20591160794595,0.25876795740317,0.334860703576244,0.350838666371261,0.4367192687977,-0.0597437374459086,-0.179681432682361,0.0728405732498609,0.004298854192392,-0.0718248409203346,0.0252381109300156,-0.0354371862783328,0.00240991742859176,0.362701070813194,0.368199789459768,0.112341295484911,-0.0424905484955341,0.236332976080933,0.032769623334189,0.435611591203584,0.324621794608821,0.149495198530449,-0.0243142695976226,-0.311301617266021,-0.367628086907621,0.138965717944747,0.025246589282196,0.361003033446672,0.313664854384756,0.000897302671690718,0.136268068939654,-0.117865404523062,-0.0291477105495461,0.0290375868614327,0.118672130419862,0.05313468545127,0.0812463310397328,-0.312778514234481,-0.183154341643201,-0.00937118559070588,0.181103203595742,-0.207589325707546,-0.0707803326802429,-0.286072844886243,-0.316399128215588,-0.0994632401021883,-0.153468384480589,-0.293621966168554,-0.201050488413597,-0.180413907598287,-0.345705020123907,-0.149443647886643,-0.0575746870659221,-0.274635171141788,-0.224463801949882,0.0849028296645301,-0.24487423981471,-0.1064553072567,-0.17789032294049,0.0509146042006597,-0.0824196234558553,-0.0456730232785141,-0.0881803239534994,-0.215885805378612,-0.234261143202777,0.272463147598562,0.168099501618507,0.225866766673376,0.218658543417862,0.417878016599436,0.353767542359224,-0.17934692534731,-0.190899456442698,0.048753986431834,0.0519152107174994,0.160015987202776,0.0735457914453578,-0.335690748555363,-0.378470650193465,-0.101272341896441,0.142718700410591,-0.166792819656557,-0.172633065735582,-0.286677324345745,-0.145372234830731,0.18440454558785,0.253900027788546,-0.15597593985959,0.0548446265732984,0.273687804395818,0.179840173875666,-0.0209461766190941,-0.108238463782556,0.247814768319487,0.058432027312066,-0.0664496633031159,0.00248100863519446,0.200285783049258,0.0939151482659585,-0.22353741096481,-0.316549886654876,-0.191297290437582,-0.149448807555194,-0.0988928532426784,-0.376514222314493,-0.334333576882264,-0.31863996663623,-0.235313284132582,0.204940775194941,-0.310895304502694,0.076139343642964,0.29491097431128,0.135087803495094,0.389124756549813,-0.211729913593422,0.596484294348262,0.12418997391794,0.433737381181447
0.760322259054967,0.701632264202948,0.691030458252086,0.638746391223767,0.441008131205075,0.585711082630469,0.692499447509426,0.505486845629079,0.580648290808024,0.381275280084937,0.789431263769443,0.771728738288595,0.778672042761763,0.759434044288906,0.801308617456331,0.762809472385048,0.758087123631271,0.664874467491087,0.45452886490527,0.333377205632787,0.719292612277527,0.7249534663766,0.599287720809529,0.607197645186081,0.77316746259186,0.808550153275005,-0.119913629889867,0.0483885771150189,-0.0680194315973727,0.396891155630671,-0.210275301977816,0.308598576267417,0.142921589192991,-0.357521703428253,-0.319012530808921,0.558688542447569,0.775279180154896,0.741902940935116,0.181829634250487,0.640681640249596,0.572086462298909,0.5836746653084,0.227706620430192,0.430799881296714,1,0.669584590500999,0.780478014804533,0.717301949533817,0.131513960036347,-0.313586247305984,-0.0507796306740185,-0.491709072251701,-0.234756077379332,-0.488187373520669,0.072830712771758,-0.238290153914785,0.0307937337469208,-0.449008607577822,0.151351120116499,-0.39082680928867,0.639145678745435,0.632522647796431,0.651037415918097,0.684811786342246,0.660863334403375,0.641761756531745,0.738101756914406,0.661397492712681,0.353387553037048,0.343826215419028,0.78914384852361,0.697849379314999,0.744288132443781,0.472723251736902,0.526778833470021,0.642893393579636,0.1591601682379,0.00387201325298959,0.324200565123898,0.00202271474452754,-0.0439467567892705,-0.228876268607021,-0.248951941835224,0.144587833643347,0.615062257387745,0.532921554261469,0.182500831583737,0.135665005495282,0.302807365194678,0.287515793783452,0.643790272536186,0.596565703908169,0.16815337739248,0.164132799683745,-0.577335339252927,-0.615255386875469,-0.0154247644275113,-0.0526692645813632,0.57210885451831,0.582423313340339,0.0746251955967726,-0.142134052044396,-0.382220446746119,-0.321426437820389,-0.212294165173822,-0.270377846864796,0.00765646039603438,0.0482135881794763,-0.689019072694416,-0.583155904535897,-0.349827996676841,-0.150720965321774,-0.553408090093882,-0.316305772781666,-0.645600575372706,-0.629996754767682,-0.157862115348048,-0.317334461245394,-0.514184414647934,-0.657524985851185,-0.333251421033417,-0.69933648623075,-0.272527977354463,0.166592568798131,-0.580608770826588,-0.21186845020028,0.0611336217208676,-0.449782795146132,-0.150594378439061,-0.326463057652267,0.295515871125036,0.0579182993253661,-0.179692821047262,-0.287432744763746,-0.472097377357944,-0.253986985688097,0.735724371939253,0.40768511755883,0.67524479499144,0.60140314739091,0.865901338314065,0.683941598801018,-0.511218242084886,-0.262121035299673,0.000765330204555737,0.0577914796182389,0.560499415042822,0.452146772328194,-0.105079876760517,-0.216074049657606,-0.0908080283495594,0.300405454534871,-0.349978069963114,-0.380246483787638,-0.416401602052155,-0.501436672093843,0.0454644882774352,0.5590622827186,-0.0291330814249616,-0.172807251186025,0.450991392990755,0.222029138450524,-0.253187484080865,-0.208236106439498,0.116283488904664,0.146150517515686,-0.168303156847414,0.0445362446028207,0.0632188195218704,0.0271714736819736,-0.472263697289899,-0.566092645233548,-0.353218222806368,0.0573061241896418,-0.341723688396785,-0.539704055048973,-0.585725328723782,-0.317018508039415,0.204939925151507,0.15263794927569,-0.670253877232572,-0.141287732027728,0.689716362676587,-0.0430403218269239,0.553586830084214,-0.268146820480629,0.609330715836791,0.393247217746429,0.120750180796694
0.630276432034377,0.664716613991663,0.487779155791707,0.459525784061755,0.339944145703406,0.409223697946352,0.534884616150357,0.515516858655864,0.433309814111569,0.368532120375099,0.639553408739237,0.673871751277314,0.598542117651568,0.622192416108074,0.590577266879635,0.624447604433864,0.461006713164387,0.474702283549034,0.22891572818919,0.310079365088951,0.476150877911893,0.542375005659974,0.458209030565719,0.618380862838825,0.667745065796518,0.731460480678286,-0.328291587622215,0.0293851728014975,-0.183777199229708,0.506442246911447,-0.272371977031952,0.306654357064893,0.114965171836535,-0.133955702252213,-0.160801368714212,0.687503132074832,0.604775565118781,0.699480996264685,0.346209012142533,0.651478394002556,0.463347209880129,0.50745754297129,0.253843221961401,0.343925498688972,0.669584590500999,1,0.560283633059214,0.728051272807167,0.180136082613964,-0.0267787483290827,-0.190467257122841,-0.273400210198775,-0.135129955084949,-0.309893378594768,0.0565308987561142,-0.0647980189403077,0.0129789152856197,-0.193264143374626,0.281579206479429,-0.0233524797307122,0.546177441350579,0.516708020969503,0.499909825337455,0.585175609449357,0.626161852838355,0.640271656709935,0.685128480783486,0.647644447257453,0.295861632572091,0.431491345668755,0.579190294924118,0.547673086228578,0.471335919778001,0.412072200099644,0.313439568737668,0.60840158205388,0.209611956363556,-0.206999682362118,0.218275906208042,-0.075139541552366,0.0774237070769787,-0.159830306434853,-0.286060584653824,0.0300001872431792,0.486392901067397,0.351939702402985,0.172566645309791,0.0842597530983046,0.391931079039159,0.27042804236367,0.405473538251104,0.359213963173534,0.126904639743287,0.157462609597056,-0.214000901255855,-0.231936757671545,0.195369845206342,0.21376961383556,0.438439557141186,0.457270056567901,0.238751161275502,0.0515703263534863,-0.0544542148350183,0.0955653632483952,-0.0652741495638494,0.0552346207674438,0.158970701077572,0.239329736126764,-0.375331104339681,-0.26532075964862,-0.0570355794125759,0.174377600741948,-0.164254109540381,0.0490848139226311,-0.324277969785572,-0.302133164636191,-0.328455202384207,-0.502065120873968,-0.593769526307119,-0.703376454048795,-0.428898398468786,-0.627286953527318,-0.425719271831436,0.114166268841858,-0.491577673770285,-0.150065199128593,-0.215174476017687,-0.316083760218754,-0.149645206596742,-0.401304980785486,0.247318291495784,-0.10208354155594,-0.135473755256968,-0.386622499783826,-0.327592413117821,-0.263360239751171,0.573535785382372,0.239971558050509,0.568129787363141,0.552176797256665,0.599413102371639,0.885884368510145,-0.491950552540913,-0.164162290522915,-0.113148306584508,-0.0625839805570531,0.286258442200328,0.364632581306612,0.0045719753975491,-0.154405071172571,0.0156901951360345,0.107050444922971,-0.379926592079056,-0.570856460859996,-0.41420989785041,-0.522333270384867,0.00900444952234038,0.459556046486608,0.0219636586820268,0.0278560891813623,0.460009992311718,0.327392502272544,-0.0750278294791186,-0.0391376347591361,0.164255767587768,0.226601635589534,0.0171708915042291,0.180476100060992,0.259209732009082,0.0952063726464587,-0.405717628071577,-0.471405193826641,-0.249047392512343,0.087723447438723,-0.343513752850765,-0.549531510577692,-0.530704893767075,-0.447266452145022,0.332299199865243,-0.0181999262084215,-0.376495217506179,-0.0134295927247659,0.659412820381318,0.104544770965668,0.61664872809234,0.00476883480197842,0.574538913187326,0.334889787413552,0.297593850460435
0.564146565605165,0.563488645150538,0.491454243001903,0.471557681545903,0.309099432800505,0.444811697979221,0.545432547754964,0.433123000485196,0.416146103266759,0.288001335974174,0.628626778057483,0.676061372233254,0.591078264721527,0.637045703631698,0.630906022991915,0.643024520061023,0.603554422254303,0.557307184966837,0.437442866058497,0.302373414658792,0.578957850283716,0.576436829947249,0.357184564265055,0.365581806475446,0.540651903702805,0.641470272877251,-0.120509996942435,-0.135071923777947,-0.0690125774169296,0.309350279476493,-0.100053581885922,0.139885478789573,-0.031531459710765,-0.446184185597965,-0.262386807407753,0.47113481223394,0.614662800317481,0.591931025570881,0.0954826350889013,0.498290530014494,0.566345485195142,0.559219156012247,0.285805676826692,0.388993225976373,0.780478014804533,0.560283633059214,1,0.665015072845618,0.0987935629733899,-0.266140445046808,0.0406398953306433,-0.407588937906816,-0.198435743476353,-0.401927796998137,0.0522766628915668,-0.201205829758735,0.0337942197630642,-0.382035932116369,0.0778486567852843,-0.318133500153084,0.514869623887046,0.53009729110737,0.481078409054961,0.555552269865593,0.594702569516113,0.547763724783803,0.568763822812892,0.536903412416104,0.194074586472254,0.177427602191549,0.635507747410343,0.587992829007074,0.618574855160135,0.448883886918606,0.52044104080519,0.500098856098528,0.0908651427201471,-0.0390144712185657,0.289803971117876,0.0140908172993995,0.0494914795889341,-0.101064585499469,-0.28640019825987,0.0750064811420817,0.535336453690451,0.413935806185003,0.176778509087934,0.0752628684538446,0.217452735534951,0.200561372511091,0.572026756230251,0.547957825317242,0.181616921550391,0.101854942828827,-0.557932092109415,-0.57269438269199,-0.0190889160277523,0.0479526429228383,0.488748843366161,0.525974544573688,0.151749557116405,-0.00566929241939251,-0.298356200591813,-0.189800157307148,-0.142580383803967,-0.112391783076981,0.00665606079873559,0.094662410580179,-0.543000070760355,-0.40615331039041,-0.220379772749038,0.0022742244440361,-0.373528452575854,-0.18812929646439,-0.492994042590176,-0.49532005578258,-0.101205721124872,-0.283460040164888,-0.403784861325669,-0.535676225016657,-0.249353783039794,-0.580561171758636,-0.238678807286096,0.155263386282467,-0.535243785871785,-0.286805045814514,0.00704047391442327,-0.384423946028867,-0.0749617591269207,-0.304819616355509,0.238000920011409,0.00261682855536846,-0.0652938393046066,-0.137171545795576,-0.336006927074919,-0.243721306905371,0.602834518245497,0.380810345006452,0.556443945163228,0.527722926923262,0.699227917005287,0.560959822624842,-0.439178249760415,-0.267063867883311,-0.0755045781353286,-0.0985812102093362,0.43226244362621,0.376611941867002,-0.189237206480129,-0.171433688886312,-0.0636603416630322,0.271727637786183,-0.31831584879512,-0.329634550371301,-0.379661259036882,-0.460224173128449,0.117928931061321,0.460108920965827,-0.0409138694190914,-0.0760169053260332,0.410853621849014,0.215758553682411,-0.11914432051208,-0.166654449033782,0.0830925323003811,0.195840171311969,-0.163170183457341,-0.0191327277701527,0.0303273472202701,0.0555525053463126,-0.442877598690729,-0.575961707160371,-0.289461450225413,-0.0826783400390305,-0.279343671881215,-0.548431008389147,-0.604672471458163,-0.358312863554643,0.114283863027783,0.141631938775496,-0.558302201155555,-0.0617455705153347,0.57077971911577,-0.0401271305636682,0.450309815885303,-0.243193088377869,0.490886445152604,0.17505169800738,0.0432386624183999
0.582419901631954,0.550298812238104,0.521748593622067,0.470368335217485,0.421586827442578,0.504366160704223,0.57178762080912,0.440639642552737,0.456226648614776,0.332880911979308,0.623866941165642,0.680983616566967,0.636791917539944,0.624437863196067,0.667611838054423,0.636851622422837,0.594109071475991,0.537143623159255,0.341428949220499,0.338885059224653,0.620021705524647,0.644119644365748,0.467300920257068,0.456716499524804,0.626468114812528,0.657437588862471,-0.00120380357493321,-0.0433783577948795,-0.048337745900469,0.328147201527572,-0.061345840439249,0.28683908769392,0.0944047014574939,-0.364514048748702,-0.104636809453256,0.503044321321249,0.681152657390341,0.669336592447905,0.213794269180408,0.603591799985907,0.483513687576711,0.629564793493618,0.245978625665869,0.515340380393503,0.717301949533817,0.728051272807167,0.665015072845618,1,0.0977728651850769,-0.156781669523054,-0.0243370136167823,-0.422567027925276,-0.160371963625244,-0.388284976666288,0.0740448019603843,-0.158313253908154,-0.00855325734449239,-0.404219599288138,0.0804564153875404,-0.354270928049268,0.47494735473988,0.460876815159351,0.497737621550162,0.563693325182589,0.603497512766924,0.599461778805303,0.525144211443379,0.465537784496351,0.259776041523501,0.274162925332961,0.622331689144687,0.524167534208961,0.479122477484825,0.457311091097384,0.446783240506991,0.589144272252732,0.034816143547984,-0.128270342162374,0.216646047218203,-0.0552652306114558,-0.0212981425126164,-0.132396019544795,-0.341069148575371,-0.056179593275092,0.499332692681645,0.399326061505179,0.149217239198314,0.0567643881779687,0.288655055467047,0.208891886862143,0.484000413337122,0.427727806423755,0.119615043065734,0.0708463814268197,-0.470040493275541,-0.501957427862902,0.000863438872127403,0.0113120175511972,0.416738223419011,0.404297162282035,0.22501026094173,-0.0847789883618969,-0.213445946823629,-0.197782400706639,-0.0903898859657934,-0.112136863431694,0.110033993510157,0.0714500108756731,-0.515262816712387,-0.371775811469721,-0.163277673166606,0.0144833680712719,-0.361825863703063,-0.197904383855669,-0.465857884204561,-0.444920277179974,-0.204375854099511,-0.389469402892285,-0.438364385546193,-0.549197510305917,-0.241412673057321,-0.589669172915368,-0.291449121645741,0.0329297551876408,-0.43500487771831,-0.207051629218379,-0.0175431932019474,-0.367296768268387,-0.175433614681722,-0.331150683439867,0.19109443636515,-0.0628326785462441,-0.139210704028311,-0.334455080460547,-0.36213202550437,-0.335216422008309,0.59827547547878,0.273959733788566,0.522037946620845,0.462052716314613,0.705642267495204,0.711970374515337,-0.458341344806566,-0.240658336326815,-0.0549747664011536,-0.108914587767211,0.358524502459772,0.280378042539634,-0.154447473410997,-0.278426674352275,-0.134140572053692,0.170788674017204,-0.30533913159196,-0.443259837477714,-0.32276537210624,-0.409527257635831,0.0924731247131475,0.406786627694332,-0.0978969280219714,-0.0720078564362558,0.443829362267021,0.219984414210315,-0.180240422813432,-0.138077988917623,0.143108062350432,0.159409513171469,-0.0547375344027107,0.101967410630663,0.128998621672762,0.121286689923856,-0.43136740102152,-0.492562202525399,-0.261049587855558,0.00566895903325246,-0.207769864743601,-0.574366777142995,-0.564175347674841,-0.365700128480428,0.102155581232737,0.0693459429455568,-0.54096390085542,0.0808621152713644,0.57263397823802,-0.00910452717415185,0.521892656161977,-0.208556771617522,0.586596452209812,0.20972679636508,0.29137578293967
-0.100889788472279,-0.16321296325772,-0.150583421585181,-0.2503022337887,-0.0408311402702172,-0.185927401805088,-0.0938864489950079,-0.169870719262204,-0.101888703307984,-0.16010037786538,-0.00383074137238637,0.00855908789067211,0.0243088103350747,-0.120554232002223,0.00221069030087591,-0.0693657137245294,-0.162053945281645,-0.180799719778362,-0.27296897287851,-0.276345169107484,-0.0577387979711062,0.00311734357524746,0.302090192737925,0.302924187657115,0.20271929722794,0.0850375905210567,0.164809070641936,0.437037359087461,-0.18017237898569,0.073438182445605,-0.238121181314934,0.134847032602399,0.564187830893502,0.481945975322938,-0.273022111194553,-0.0285038529427752,0.041848236025011,0.00927854176223201,0.0513581987815445,0.15284323529505,0.171197280359654,-0.00776887787232636,0.100431116094964,0.0259582557809655,0.131513960036347,0.180136082613964,0.0987935629733899,0.0977728651850769,1,0.59411962501958,0.390822963292041,0.346560306056457,0.327486030112046,0.528035656923927,0.886386693453773,0.648582241361028,0.575783560275301,0.442539961698546,0.578099896326963,0.432618940309683,-0.235749782564145,-0.287373220121605,-0.147977737856449,-0.0853637424221661,-0.0592655082659455,0.0330465124248086,-0.11820304574442,-0.199393446909445,0.322180613075119,0.316089652894671,-0.0958472090493019,-0.162195968896373,-0.0592499186689479,-0.117986109225538,-0.0449352593748778,0.0547154793045946,-0.347819323037168,-0.347921132366132,-0.337061356266273,-0.244211159115503,-0.314887542928517,-0.252439437571451,-0.186142214093739,-0.366631078896638,-0.160609737689089,-0.147031749281973,-0.280124249496013,-0.176622564363371,-0.130268664628958,-0.198425876220901,-0.219152961723616,-0.167656870736075,-0.0458845786329947,0.00714582290347874,0.167174122818029,0.225450109550294,-0.0375166374777891,0.0224586492682767,-0.184761661646076,-0.117075572069472,0.0328123465607768,0.0638408419909583,-0.0565619721671741,0.0713372906223195,-0.124807243174382,-0.0243239807139902,0.044030363847526,0.0490489790040277,0.0191986578749342,0.0573697041870476,0.00515219604382457,0.131090123835048,-0.0129207028146483,0.0914451633721648,0.0523529237568896,0.0450046701543572,-0.537490917093843,-0.451180283315006,-0.261628145477781,-0.259418845436689,-0.216252627875457,-0.126786248159548,-0.427580668369382,-0.480142728962622,-0.118503282160093,-0.275192983338342,-0.178790563726201,-0.283327923736946,-0.330457631913635,-0.356186120981376,-0.327450478566232,-0.276490114984962,-0.220279690876183,-0.343476426741871,-0.210434494756464,-0.394321298444333,-0.16529021848902,-0.283395253496636,-0.237112148701615,-0.317530299118696,0.1747796530155,0.155553149647284,-0.037716863788873,-0.249170431485418,-0.263238642171441,-0.261736893383659,-0.170182224867354,-0.0411497280638116,-0.0126106890172467,0.107395229759828,0.523267618531274,0.283408546145355,-0.356712852978645,-0.341785641571477,-0.172418597411477,-0.0732171262723056,-0.0907300302840817,-0.0266562163919082,-0.141888229666369,-0.17556268240191,-0.249178004688033,-0.268354893451833,-0.184968766249414,-0.0688888481954917,-0.01386536472916,-0.175355415472753,-0.105276236424215,-0.106726223302003,-0.0331197262575377,0.0465986568871053,-0.279978647106296,0.0600206090272224,-0.240828900466955,0.146333644105884,-0.120902319466692,-0.205479002913776,-0.0792005074781417,-0.315636209884957,0.139547143864625,-0.181910388929076,-0.0112237002868059,-0.259383921832396,-0.0529998957994671,-0.298731815722242,0.0780186565769444,-0.231764009092765,0.297173859638624,0.562473087823161,0.354050555272801
-0.487854710757614,-0.414588877552277,-0.562318901939204,-0.57360228934374,-0.379718686043175,-0.526132827510178,-0.511731376981993,-0.496746943007212,-0.520004497059014,-0.480887030975874,-0.399423434475404,-0.383406560096103,-0.444643121822441,-0.494679846087961,-0.434787682647464,-0.444867061779129,-0.619349283083024,-0.598747899659106,-0.546401982034087,-0.4792974512214,-0.489750311737847,-0.388668038992858,-0.101999256558655,-0.00609387786137678,-0.247057820730474,-0.25614305548058,0.0885535702363814,0.296820520555795,-0.138091843298637,-0.216456888388962,-0.00670075872871668,-0.112140341093941,0.167804246910736,0.553274677825867,0.0999848513433952,-0.182325118370244,-0.326370545910496,-0.259235537401026,0.0529204292770515,-0.167165509021477,-0.240821745884708,-0.245875594708062,-0.0256960094055989,-0.060186859196171,-0.313586247305984,-0.0267787483290827,-0.266140445046808,-0.156781669523054,0.59411962501958,1,0.0714843174026869,0.568081456729077,0.382881219855982,0.880554206626334,0.506848441709865,0.91852687881055,0.185954151567879,0.520564072014175,0.262759697010319,0.598394111189422,-0.559303227174391,-0.543608429020729,-0.469795356805738,-0.40405318699647,-0.311004229955769,-0.191553611013653,-0.420937593998579,-0.419269367516201,-0.0924770799081478,0.0212200898733243,-0.501953129112933,-0.422709217119347,-0.328950700046538,-0.155214362943869,-0.195297497902005,-0.0233716237917177,-0.281181583392283,-0.402819865501527,-0.480233278597867,-0.319671784037956,-0.194605839944358,-0.100148198244395,0.0253199288051167,-0.321011113556244,-0.501438951345707,-0.451019607847572,-0.346987749877574,-0.266150976524544,-0.2234719174423,-0.282256118078501,-0.577137765760831,-0.595371302580266,-0.210839465497896,-0.0552787197026534,0.660518883439851,0.61609273899515,0.046550346981299,0.116644745489869,-0.50269109046522,-0.491898727296597,0.0618494820279234,0.0521399874273454,0.231652185553216,0.239104743974361,0.0233998714565866,0.179773123069652,0.031748638241985,-0.0697953324559542,0.488187375845183,0.491086897536251,0.265167825355718,0.187318920435488,0.35773755615855,0.28731233066413,0.468527723243815,0.488558845920172,-0.428155541669752,-0.346416455563063,0.0440550654794081,0.136342982557464,-0.00539279043074997,0.227596633547622,-0.192687484056218,-0.426673640422687,0.244895444506945,-0.00586064017200754,-0.249735160964997,0.0287317606532778,-0.0648154598176368,-0.0973162694976044,-0.435227242844301,-0.358371075432209,-0.124921521563242,-0.129023284886357,0.119565249235788,-0.148358241341047,-0.510767286788835,-0.420078291803657,-0.534236769304917,-0.51982839088288,-0.222210836465823,-0.105661171273327,0.258077012030821,0.120731508087118,-0.329036461015113,-0.290216947308005,-0.512595293065909,-0.3296992565562,0.155913930131615,0.13140778466727,0.355450423098198,0.271432076490911,-0.122925370616013,-0.153928253364299,0.0420647229933341,0.0913307132356299,-0.0501551863896453,-0.163782512084147,-0.0687763641436577,-0.0706157913662151,-0.492782819437457,-0.325117821612365,-0.0517119753164639,0.0952197356093827,-0.0527147970748096,-0.200463773974761,-0.0658833195614068,-0.181067323293145,0.0263193613363661,0.0793522751606739,0.110395008716541,0.381492279799384,0.130078166841772,0.172940078902864,0.155277658203829,0.120843398052154,0.286375810915903,-0.102385650527629,-0.0368848074229018,-0.0105448991404858,0.468370743795537,-0.0119157100721535,-0.290189010197146,-0.165283003240432,-0.129407496524898,0.118367721684469,-0.0489452062578777,0.163892212552919,0.30307938296051
-0.110665784698498,-0.29235809652356,-0.0465769163796814,-0.161335505663624,0.0929721221743752,-0.0366131966403717,-0.0865914851220377,-0.210589901796489,0.038493450570291,-0.130068848826824,-0.0885981658384803,-0.0831733279437058,0.00263742926578661,-0.105262976615673,-0.0361341799887298,-0.0942120078332941,0.0344086835391655,-0.0417219425201522,-0.0206573105063154,-0.151276644013051,0.038806061776489,-0.0517309240791826,0.1150826402261,-0.0814205817594665,0.00378912320530449,-0.159425709816727,0.328233542588481,0.303399189716574,0.014771850796833,-0.107386795944734,-0.05102582727621,-0.0829935182401235,0.320911327754293,0.162362790050957,-0.227045919691471,-0.211565468843078,-0.00409434225457491,-0.122457292202016,-0.313350479280012,-0.125986511073306,-0.012082403805081,-0.109559832297636,-0.21927643966996,-0.220811573846851,-0.0507796306740185,-0.190467257122841,0.0406398953306433,-0.0243370136167823,0.390822963292041,0.0714843174026869,1,0.428451912176532,0.0779877336695034,0.195762719932716,0.397925478920443,0.103907214771987,0.748977215043539,0.438216998228907,0.525593150375374,0.345757584858825,-0.107579261015521,-0.16379229060605,-0.0725550894848963,-0.181734986283782,-0.24904587745455,-0.242684466100833,-0.189793357064277,-0.282089876458894,0.0525941287237329,0.00493784015556692,-0.00497166375830978,-0.117343383402538,-0.0274242444517738,-0.196653337305355,-0.164596651802161,-0.209069810916813,-0.442235982168907,-0.20017466431765,-0.216338087124894,-0.126868859077292,-0.305863992326459,-0.185088329304638,-0.26469164331669,-0.421141690257785,-0.124751077603503,-0.110468638459597,-0.221899788061747,-0.0717543921991165,-0.317133820493455,-0.249881947738024,-0.050224841120717,0.02794501674977,-0.115795381023926,-0.166051369678,-0.253806361375353,-0.202782580131805,-0.242333358964238,-0.302456821269195,-0.105501121974259,-0.0694163246917192,-0.156118386804272,-0.066736581465998,-0.289202487566813,-0.28624754427328,-0.241193022840456,-0.297797521501635,-0.0841895271857265,-0.176422052779835,-0.122206874651767,-0.134800123307013,-0.151281560719554,-0.161822457777595,-0.230827611813805,-0.207801954295544,-0.108719837531593,-0.0836146896459598,-0.0460847946807446,-0.142377111526137,0.0521792033771009,-0.020633091347036,0.0327919007464441,0.026845097804286,-0.163197930925251,-0.296133772679737,-0.0189007544982755,-0.222968584530899,0.0235422110690971,-0.186906066948106,-0.125750363730572,-0.0932442310815022,-0.297033608798578,-0.184612412634962,-0.238294006759578,-0.290959353527178,-0.0136903563565562,-0.0960281414045844,-0.0737353842736529,-0.138053265655597,-0.190447705530672,-0.277953655003452,-0.0530986032609406,-0.152809599204675,-0.0406004345631098,-0.105236355784043,-0.0657144777741496,-0.184962207913257,-0.0680114861434155,-0.0474324161623268,0.013020425119051,0.364204895617689,0.371200134128333,0.268543993960066,-0.283524546634562,-0.122784109905119,0.0142317841847548,0.0989996840655513,-0.176153446388168,-0.155146440022451,-0.0732104047512723,-0.242895209684858,-0.1921668391514,-0.289475449592381,-0.221504131207895,-0.175683512023298,-0.165550330311283,-0.233065541482631,-0.152074486639523,-0.215420224219929,-0.189363978143357,-0.183831093050273,-0.195114501507627,0.0129996790653159,-0.180709531416876,0.0670359919984793,-0.0194874852492102,-0.0281133467575781,-0.116345754431187,-0.0806759223356333,0.225860116075454,-0.148572455903511,-0.190034791543801,-0.146944891035246,-0.167065679484968,-0.284012218573109,-0.118350319087844,-0.180606082926086,-0.0231394293366794,0.000862448240388954,-0.124216319783841
-0.522816033404001,-0.493806693569856,-0.585307888550405,-0.5856503394501,-0.299983090143893,-0.504377965005903,-0.651193094396535,-0.495041140763962,-0.511039173458739,-0.473551687627507,-0.582273548593762,-0.521632889292649,-0.630788971624961,-0.595329993487866,-0.644566745494478,-0.559380663584063,-0.630260237011508,-0.584668218970569,-0.443591565700059,-0.435953760258603,-0.545010398582163,-0.522815003025514,-0.202854169262011,-0.194741875110032,-0.365714394929239,-0.436443077152124,0.193450368501737,0.458349261130598,0.000409901400371401,-0.222484819693086,0.114186693738944,-0.2583350656905,0.124989073935209,0.680957291109547,0.0667384233488996,-0.351923321676556,-0.471315390822291,-0.437102737868709,-0.154031533965213,-0.498310904652393,-0.356837186734441,-0.549405846310209,-0.241016282246735,-0.488439477733247,-0.491709072251701,-0.273400210198775,-0.407588937906816,-0.422567027925276,0.346560306056457,0.568081456729077,0.428451912176532,1,0.102914007021837,0.743748020706922,0.258171657517559,0.49890930057573,0.519667585744792,0.886288953927238,0.482618125378029,0.797709280231833,-0.477266464679232,-0.465833557705627,-0.489226685213444,-0.472578443546642,-0.499354851519445,-0.450379480599407,-0.468396084287553,-0.460876254829856,-0.229233704339873,-0.0463808555824864,-0.512421316938979,-0.408096391542461,-0.405550288255595,-0.302754851091271,-0.362174905988931,-0.296262614119873,-0.293225695791567,-0.277554866695594,-0.465729323456053,-0.226792971341233,-0.23843608626398,-0.136479175847201,-0.0867654700116194,-0.366340357885247,-0.603375782498899,-0.564374109661411,-0.383704705855435,-0.160678726338524,-0.410111665907741,-0.35610096940075,-0.651715229512369,-0.626011833097168,-0.264105471288433,-0.136235100902009,0.494667268025427,0.550747789913724,-0.148622492009768,-0.0565215640022235,-0.572101315772834,-0.592500316264518,-0.105643799275288,-0.0541424017881976,0.231428321027804,0.20501241509283,-0.0757878622705188,0.00802757323457494,-0.113929913788878,-0.204290805819811,0.552509178919908,0.46314920638214,0.195357379965274,0.0606102526191728,0.363542157172204,0.232796125707529,0.528196138353742,0.543488185647087,-0.272631979164491,-0.142852030913854,0.25887964266928,0.314451944686108,0.121848240794083,0.442076792076019,-0.145947632278406,-0.32237630638835,0.339094635655655,0.0297786490023361,-0.191870517641364,0.168234817608801,0.0247573356633292,0.0768347682693953,-0.451424184885465,-0.295342767326832,-0.121027887260631,-0.119546304949422,0.203582958950227,0.0162796920712004,-0.526382029178188,-0.374543435676988,-0.598750112137641,-0.515462864826682,-0.401552882144233,-0.287504805132101,0.286003456310771,0.124615849783563,-0.241214541612016,-0.260989097846571,-0.469910886084072,-0.286481478132363,0.263950545520544,0.559484601375024,0.295396050803721,-0.0140050552566176,-0.00106493955584367,0.0157773319322633,0.242385570117044,0.283557129175088,-0.146960484633479,-0.380175716230167,0.0116182585920216,-0.106042364601797,-0.556571422258801,-0.40286195288538,-0.0598894357108753,0.107135732398598,-0.281738082542712,-0.271443561837707,-0.0610502990076522,-0.230557984542006,-0.0896024080710433,-0.148571854518651,0.184181837974781,0.485714917480711,0.229920641354861,0.221352686185629,0.149233126790685,0.300528728358053,0.385062717599923,0.18592495675147,0.252453177140786,-0.102488748530893,0.490892526809613,0.021330957943165,-0.430957427901173,-0.212425339054352,-0.319011976086478,0.201926626226458,-0.385971558000563,-0.131265489667985,-0.0956248109852586
-0.344081429137694,-0.319175867018665,-0.255582779556773,-0.180694514402929,-0.293628992645031,-0.162277438762995,-0.292567047440801,-0.276932823981266,-0.322176147308007,-0.177047661224819,-0.305137454574753,-0.226223391036569,-0.242235089113488,-0.194715850250673,-0.28842106517755,-0.210256491002924,-0.218571124610014,-0.131240179099012,-0.0853124600041064,0.0607508962444872,-0.104368670342216,-0.0243520755921433,-0.276795317605216,-0.266960594117018,-0.347000528012302,-0.322909870614179,-0.109665580747904,-0.123283906601119,-0.0626945231944698,-0.276435328917964,-0.108068010601897,-0.0953210005963541,-0.0522946918189707,0.103602803524826,-0.13203922732864,-0.231369056027215,-0.333428341939673,-0.202462214879217,-0.130484872187048,-0.0917869742920144,-0.164401060095424,-0.146431471064192,-0.0313916617874194,-0.0235191101192671,-0.234756077379332,-0.135129955084949,-0.198435743476353,-0.160371963625244,0.327486030112046,0.382881219855982,0.0779877336695034,0.102914007021837,1,0.349661398330602,0.407350195510659,0.328892062287941,0.0325440480728406,0.0620280837612861,-0.00634607861601647,0.153117299280406,-0.261611831718547,-0.2434731198196,-0.13666022209708,-0.136699028656998,-0.131079190208409,-0.153039320977465,-0.337821986677786,-0.348025868287878,-0.168952563128494,-0.11999889459179,-0.333040646031156,-0.295088594095592,-0.118987049898366,-0.0236294598693076,0.103366984450823,-0.0496779769049939,-0.0904153592917956,0.120448271861874,-0.0165977889013566,0.142340742934525,0.0738368893872041,0.164149601856142,0.291058162362792,0.0436575273351471,-0.127773321747483,-0.0276504999614423,0.0315317090575492,-0.00833786126539405,-0.0201777583360552,-0.0252243276683234,-0.203793955433965,-0.186255640844423,0.0196852000016559,0.0411947591926621,0.293968712415957,0.297378142212177,0.0430160679601124,0.148969614641201,-0.122159231849693,-0.0961780526992652,0.0560003201664405,0.159447884771546,0.193777566561409,0.227644574756067,0.106430268505556,0.133633376436702,0.142296430547874,0.0751016302980837,0.103191086488648,0.125990861194473,0.125282090695624,0.251719068437244,0.145409363081572,0.156274431408895,0.139917018437463,0.11014314025436,-0.079102379070311,0.0463623981055057,-0.0124283948037783,0.0844502102857271,-0.0688851910607527,0.0996545801908076,0.0202414017429907,-0.236694671660304,0.195995251372192,-0.0215779607105205,0.00767810427007852,0.0886820481568441,-0.0917203343425772,0.0101332566828823,-0.0172213551565433,0.135575400346488,0.116136456119452,0.213771572667578,0.199343034133524,-0.0848796222922515,-0.294459424116376,-0.103356757089365,-0.252767337051095,-0.292267431581773,-0.190593311260831,-0.168915540740159,0.272913676909734,0.136412003487722,0.0190182958068129,-0.0881491185168731,-0.0246569235752521,-0.0408238930568042,0.00244050418440984,-0.213238993987303,0.177222741378276,0.00676688771331221,0.110241567359771,0.0766802981318122,-0.174898674580821,-0.0734763880872236,0.111016811805276,-0.0319623480511524,0.0449840686992881,0.0773843654691283,-0.0436851045557238,0.0750299333717419,-0.00735728973541747,0.1067246749032,0.0479227038721329,-0.0595687493084518,0.0830160842938753,-0.0204688075438789,-0.0263177254888857,0.109978847687504,0.168782684192678,0.133018659021402,0.0446388810105446,-0.0858083679192012,0.190427757257318,0.198752307069886,0.0875204404075463,-0.142289924843962,-0.355437929456192,-0.109523587202855,0.187738838365367,-0.190680724972027,-0.284911074286951,-0.214195024172831,-0.190856004101785,0.0198278591823326,-0.0978225164415128,-0.000148782245742365,0.0442227129856233
-0.689023246292684,-0.628193446200109,-0.730859574598475,-0.739598998365609,-0.43124450281715,-0.636553305038511,-0.716872466840549,-0.655261541710171,-0.675956282157666,-0.619111305389686,-0.617861402957782,-0.595371269830025,-0.657034107211939,-0.701021059677537,-0.648814360759088,-0.651793705265165,-0.760529231681873,-0.738297695418351,-0.593241672820479,-0.564446392878235,-0.607271768728985,-0.534465014900174,-0.226345530601758,-0.200116568387359,-0.421672116467425,-0.490753439004932,0.17987331106585,0.318062656879872,-0.101197851530616,-0.395520633669898,0.0290712594579862,-0.203828162474489,0.165473390388637,0.649588795511119,0.144481517121056,-0.42363499550021,-0.510879924750663,-0.483875729969773,-0.0766466738487378,-0.371208502943307,-0.378794596410282,-0.438989204172974,-0.144817637408808,-0.251275614541789,-0.488187373520669,-0.309893378594768,-0.401927796998137,-0.388284976666288,0.528035656923927,0.880554206626334,0.195762719932716,0.743748020706922,0.349661398330602,1,0.480893034379571,0.837049184692255,0.283827380702506,0.684206993631132,0.262346856269373,0.651501548583592,-0.708349384934341,-0.679146543537088,-0.59812514950325,-0.566035681027543,-0.470190203492726,-0.334584451990137,-0.638228049570207,-0.627143677323933,-0.153845142625311,-0.056565794990477,-0.665264480619064,-0.571222993180444,-0.447293345578244,-0.253678632225062,-0.268035357391477,-0.196758569723812,-0.321223497009882,-0.311802319502021,-0.524466796944791,-0.25677975265716,-0.233406555997346,-0.0718380647043873,0.0186003302488863,-0.361151640467146,-0.608188447528252,-0.510136696370825,-0.406613282027526,-0.262822974900519,-0.358845713577247,-0.354740711865615,-0.727160918011704,-0.718512876344388,-0.267600868200826,-0.104603444532761,0.642805632751832,0.636733172863398,-0.0448685764612615,0.0443775244533139,-0.677914925013203,-0.665320515689085,-0.0995859215968531,0.0313381997516423,0.281706922239316,0.219374530068639,-0.0602787415230613,0.091041814336606,-0.0739166943757531,-0.135747338318681,0.590750030681775,0.518377819945988,0.251190533009552,0.136877272188494,0.387987599684361,0.258927155168321,0.547895773644019,0.570457517209679,-0.326086898244063,-0.182428667407972,0.279939686982688,0.374619545662884,0.124167998830234,0.480221367380644,-0.0556217370976038,-0.460971460975672,0.410720673037316,0.0284486117267222,-0.175975720926085,0.150678380221681,-0.0384356101996239,0.0711547213613435,-0.497469704739341,-0.331391698860312,-0.0605965971528086,-0.0594402669701232,0.189812887647457,-0.0687690566131539,-0.676488605883218,-0.464723939598691,-0.72534028537303,-0.698145858941501,-0.34421484609239,-0.324546216232028,0.381255324409638,0.167371552755367,-0.291048263976716,-0.307304650016318,-0.547480849565571,-0.387298539956314,0.186503377318826,0.343570420079245,0.355207129121115,0.156959106633437,0.057851741097673,0.037903007918952,0.179004991726646,0.305659612366482,-0.0872911355344858,-0.301971963753189,-0.0580395908212168,-0.0693977899458809,-0.592925390604554,-0.408431672535009,-0.0272072917400982,0.116012406974051,-0.179416588673596,-0.312386450641666,-0.0131822910353595,-0.185786822456923,0.0118059431251098,0.0253726344720398,0.261749307553676,0.53524701073823,0.210693839781331,0.200109124624614,0.242691897394433,0.330321804735067,0.443319309861581,0.11305476348096,-0.0386122579131769,0.0232553513502607,0.566643389050511,-0.0282060377193635,-0.512278488976403,-0.242536403211584,-0.342932833708632,0.140085720731321,-0.228406091486195,0.0125656717042904,0.155780188433322
-0.145526455572645,-0.234611240433192,-0.159772272309427,-0.262389100230023,-0.0722519965995016,-0.205413307698605,-0.132628603519997,-0.241763868569181,-0.111450374642072,-0.190413197945918,0.00847059523446686,-0.0287452537374204,0.0469860827695969,-0.145055104341262,0.0284789806273549,-0.0888625305326096,-0.135698032920945,-0.178320275411377,-0.299956416658933,-0.306714348637843,-0.0615928165877505,0.0115339491510674,0.303423054319089,0.259092423326912,0.175257114282207,0.0427972059759343,0.23707002794453,0.441150470843327,-0.131456110998593,0.0643934811943383,-0.266018483805416,0.161908929864102,0.577492898913649,0.434362608250458,-0.225103359990367,-0.0875268143680358,0.0320627301984217,0.00302670058275838,0.0704641475429205,0.164492495076017,0.127300661660301,0.013709868109963,0.0295988740539787,0.0427431044329487,0.072830712771758,0.0565308987561142,0.0522766628915668,0.0740448019603843,0.886386693453773,0.506848441709865,0.397925478920443,0.258171657517559,0.407350195510659,0.480893034379571,1,0.594487255368281,0.545110507215348,0.387690861294273,0.510506682190275,0.338432955807865,-0.279589436663489,-0.31569904919,-0.140187274540682,-0.093553378487581,-0.129602341465728,0.00790181918311451,-0.173638072883409,-0.248049688610215,0.298120522313287,0.276827249954376,-0.0915993139956578,-0.174760754064203,-0.0782333889279077,-0.118155487984093,0.00761204049918257,0.0236508370777881,-0.399000174833475,-0.260424729931169,-0.316053268731958,-0.158801264612487,-0.361595310916545,-0.224007274228449,-0.161261342175248,-0.399500993383143,-0.144005294969813,-0.0951198157584137,-0.223550059540553,-0.170143336560868,-0.106022086416,-0.169014285424583,-0.17759395407564,-0.0679068390181675,-0.0924681095794409,-0.0510652906007402,0.0744059061433014,0.106040612191274,-0.07857497300483,-0.0738802615884243,-0.180315293641601,-0.101570187807917,-0.0582727764822564,0.0916577948667768,-0.108349134242323,-0.0354072565688549,-0.180146686164155,-0.0467888241713384,0.0307430252706986,0.0682138826392933,-0.030186424107104,0.00246536636818315,-0.0398698357647647,0.0941418245970476,-0.080027300229297,0.0078114129911488,-0.00391974351306049,-0.000859825403800999,-0.451882266720723,-0.397550315794152,-0.161111755371589,-0.192136853151638,-0.1671706537031,-0.0446467347253171,-0.38172540355,-0.484294203740327,-0.0742820490299338,-0.223478366418654,-0.0410863935258987,-0.244219294875847,-0.29449298901635,-0.321603769768246,-0.296527537405772,-0.180429288321739,-0.226285736662941,-0.262096182309271,-0.226990876328908,-0.352665186419401,-0.174012111828746,-0.205236797199966,-0.26573503103992,-0.378335473158295,0.166843809276977,0.0526916255405667,-0.0182380340859219,-0.209215332374018,-0.174299356935814,-0.170229814791286,-0.146234712357931,-0.0235605491098903,0.0205478033602407,0.128240816212287,0.47757326529805,0.295844719421,-0.284335429742837,-0.272564226124532,-0.129688727664488,0.0488035897553384,-0.111147809702679,-0.0651095622882286,-0.211512380745408,-0.194921805541551,-0.268510416189196,-0.232309062102047,-0.21107822009963,-0.169299297208137,0.0193469413674719,-0.175842755587637,-0.128212022810476,-0.131527570763986,-0.0729729884001405,-0.0277848100309794,-0.253035624168096,0.0856791368876343,-0.223187837308127,0.184447270759826,-0.100895840350916,-0.10755302075831,-0.0340681062335905,-0.250375859057096,0.0921816362713677,-0.0762520281183603,-0.0453824135454242,-0.256130023719801,-0.0845493554412021,-0.327714880442044,0.040256474815149,-0.24629272275098,0.331326538974748,0.476252941536223,0.385875076027914
-0.390638173395172,-0.372033176842506,-0.508905194398704,-0.578873672221684,-0.344921326547596,-0.558618590235214,-0.388756127498553,-0.451296524786878,-0.408075303573064,-0.445123122744496,-0.33327672793806,-0.36348674107713,-0.356602776647939,-0.476056019211935,-0.33522019923275,-0.44468367361415,-0.559743057861785,-0.596734986316452,-0.543388742891713,-0.517726855453667,-0.453047283239386,-0.354964570441574,0.0354825951451843,0.12426868915121,-0.145374737348995,-0.16125332622533,0.14592591930684,0.439503574327389,-0.179019219343991,-0.12367863300481,-0.0705545048351669,-0.0518552876235113,0.313824301502599,0.588722173981591,0.0640654681020713,-0.195983718119757,-0.253105102574302,-0.261569541741682,0.0664802470617495,-0.133202525693486,-0.192963582763724,-0.245571635588333,-0.0603974320892489,-0.0452554569247557,-0.238290153914785,-0.0647980189403077,-0.201205829758735,-0.158313253908154,0.648582241361028,0.91852687881055,0.103907214771987,0.49890930057573,0.328892062287941,0.837049184692255,0.594487255368281,1,0.208750322553255,0.450842205219099,0.233534332906075,0.481193358973999,-0.582227251353078,-0.563496366664385,-0.440384868509312,-0.393107421756299,-0.272517922744025,-0.135481182755052,-0.369789367089532,-0.387242956328731,-0.01028406237977,0.060379015359747,-0.449865899525807,-0.436112312522381,-0.330481018022262,-0.223054885848092,-0.244534252999754,-0.0674563001795153,-0.351245194795369,-0.410305936096644,-0.541646576473098,-0.381971504036903,-0.310155479521712,-0.150632939779508,0.000121102005026382,-0.307982724816835,-0.431960720470695,-0.416494849222946,-0.379944961600905,-0.26247608703335,-0.255120246930767,-0.280700731727144,-0.527148037219935,-0.494447955912885,-0.205503362572175,-0.0516638616209525,0.522799392751362,0.495877654973379,0.0138001121376325,0.109033901575028,-0.469160629289021,-0.433079144892149,0.0614214610733486,0.0478426096270235,0.153739357386852,0.139392215675046,-0.0138412880189974,0.128273418092951,-0.00315425320163112,-0.0349950303352342,0.39147113767633,0.374244345986055,0.181237274592898,0.170504827738632,0.255901414475879,0.214318521787363,0.362261869088727,0.39048587789716,-0.435441143407098,-0.329383156681351,-0.0181150359197096,0.0803039247696819,-0.0240629168578115,0.180538770583705,-0.216102467705293,-0.470732752976762,0.174215262984853,-0.0965745978243498,-0.267563235807922,-0.0744770041661632,-0.150304513305479,-0.205247084240962,-0.514612146163496,-0.404650672322448,-0.225359720284188,-0.190343729873997,0.0141288710313043,-0.222958723255658,-0.493719535707469,-0.477331078710065,-0.539604760878826,-0.524671959575036,-0.155871894337575,-0.117584263932604,0.206478127409875,0.0485341549972342,-0.288376596139547,-0.25326675768895,-0.4846458334973,-0.382594806633787,0.0697490510026344,0.101647708131414,0.359382096235831,0.299242120445699,-0.195859159684525,-0.165485128607643,0.00234192544530032,0.137997121761413,-0.132407108823912,-0.195713954447622,-0.142941203354387,-0.147044954711849,-0.525937546216588,-0.373158410417607,-0.107140775075353,0.0381136204808914,-0.0596724119412079,-0.230216142177168,-0.174334237726479,-0.248093669250426,-0.00635476169899485,0.0619711366986506,0.040524727995681,0.342945980315219,0.0237033107605665,0.14653492213023,0.00467823717702854,0.0315140225008485,0.231826124664823,-0.168990667010272,-0.0136337102197989,0.00315693043659887,0.373064660807552,-0.0875377885299754,-0.279134753979148,-0.118851341857996,-0.105314937522914,-0.0241186017842815,0.046397592244053,0.315849150647381,0.387277059799408
-0.0088204946284841,-0.166871958755475,0.00132702784993897,-0.101670155737149,0.166762113254802,0.00512843329368634,-0.0627532410332692,-0.106830655029446,0.084281004500843,0.00338395652282651,-0.0232268433979508,-0.019374097512086,0.0354716539590678,-0.0774934780103641,-0.0238345653684161,-0.0427669594609119,-0.013879315571782,0.00875616826196579,-0.105388120137152,-0.110264557205734,0.0435436026553897,0.0253520865381449,0.298448946359478,0.19246334345126,0.184017540808972,-0.0234020000321828,0.170318542428724,0.473179209882925,-0.0543915282497088,0.0822965090743101,-0.277850191589923,0.141486738970766,0.609588490978191,0.464801048239755,-0.207133021578591,-0.096941002621869,0.0865892131527402,-0.0248300857269887,0.00702390580580742,0.000834128584501202,0.133227239362527,-0.10860284518958,-0.129718336217223,-0.24730653446335,0.0307937337469208,0.0129789152856197,0.0337942197630642,-0.00855325734449239,0.575783560275301,0.185954151567879,0.748977215043539,0.519667585744792,0.0325440480728406,0.283827380702506,0.545110507215348,0.208750322553255,1,0.674781464618875,0.847029360882448,0.555738890521501,-0.0219841984887633,-0.103657597471797,0.0129912530874431,-0.0386531939052758,-0.196599444179707,-0.110337233569574,-0.0513607750376348,-0.13977804319576,0.31375917831296,0.365588889700374,0.0449258449992383,-0.0400442604112643,-0.0649934079341952,-0.225120310879914,-0.117835572131293,-0.0754971453751276,-0.416240648381072,-0.329291698553111,-0.310505957013756,-0.261987762865155,-0.406635933326024,-0.339878617774263,-0.293059232176425,-0.410789622065004,-0.133526197959403,-0.133480804473889,-0.280193143935928,-0.187546979049252,-0.279182129519771,-0.304185709782688,-0.14570105436504,0.0051561222255603,-0.1606255156753,-0.100863469359258,-0.158830564363448,-0.0678612442831777,-0.226037183228127,-0.233235860880227,-0.17486055988264,-0.0951211657824944,-0.109567816124879,-0.0548620643083794,-0.158893077009286,-0.117102245100876,-0.345719521433791,-0.319551782083775,-0.0322128263494075,-0.0910486970339627,-0.0652606954299756,-0.0940099939230366,-0.101875363651572,-0.10190942151062,-0.146447717293143,-0.0670122620855889,-0.0646691139961328,-0.0437259770766676,-0.311459493223905,-0.295806724893217,-0.121493280633233,-0.158180833503017,-0.160743440893231,-0.0310123752858448,-0.394839369351104,-0.340643625791629,-0.0929740331756441,-0.157190364198896,-0.0670397552943801,-0.124464692677635,-0.161118179115014,-0.202309046768251,-0.312652874833973,-0.288545816824275,-0.314514052805272,-0.455739605992702,-0.149438766765425,-0.244675825062132,-0.0520174426266528,-0.260471026315513,-0.168094567108023,-0.218004639518223,0.0734534885835642,0.0916222681077919,-0.0793468381555636,-0.134389138425377,-0.0501045959616949,-0.115593341529705,-0.118359838076808,-0.0274645538217573,0.175666942925185,0.453120725250002,0.488557833922799,0.195760091254436,-0.349085623237442,-0.32109723429365,-0.080970687053636,0.0431262369610748,-0.200700462999632,-0.149372407202912,-0.178506969767053,-0.256582515995733,-0.184321152734103,-0.271666465451939,-0.267505988526192,-0.158079442191874,-0.213526976357729,-0.264266847071866,-0.0977280520226135,-0.129958283703423,-0.215118164861304,-0.187641038328873,-0.262207860287122,0.0865947788786256,-0.202109342167752,0.309024769867622,-0.145149759796032,-0.103249280802629,-0.0324054176574849,-0.0574240927918279,0.460059539013017,-0.161707481703648,-0.123870665353703,-0.242350286144107,-0.069085946446899,-0.342288591039633,0.00582962784726781,-0.152419070947884,0.119098613381032,0.27790691175869,0.0699768133486367
-0.460986366907681,-0.477313535805725,-0.534047506383797,-0.561900723413238,-0.245485412781819,-0.468440317839535,-0.57176127990897,-0.444831299513361,-0.428817172529372,-0.387103586643672,-0.4781573886734,-0.471546798466329,-0.508472198280816,-0.553374407040809,-0.537835056043356,-0.511598499951518,-0.603659805472688,-0.534661443640465,-0.493384161939803,-0.439368404535272,-0.515681240111862,-0.469650425454686,-0.10726151779894,-0.0742053408064014,-0.252739459078992,-0.383644753204832,0.103617612593467,0.44988483921738,-0.107885837437943,-0.132643460499825,-0.0817634174295908,-0.111327751432495,0.336657197861257,0.735718307618802,0.0363612769145528,-0.306409610476217,-0.385564878160014,-0.367714921916137,-0.028728926518647,-0.346478565098845,-0.272015497669348,-0.437833552350554,-0.199011780726141,-0.457259459865573,-0.449008607577822,-0.193264143374626,-0.382035932116369,-0.404219599288138,0.442539961698546,0.520564072014175,0.438216998228907,0.886288953927238,0.0620280837612861,0.684206993631132,0.387690861294273,0.450842205219099,0.674781464618875,1,0.667145174540752,0.875112687734511,-0.445125930960095,-0.472803074021263,-0.426242843996443,-0.423879209221914,-0.462411020168298,-0.364669740985702,-0.41849688372056,-0.429692306016988,-0.0227768805774031,0.159514583434422,-0.459818492394773,-0.39665354593559,-0.426354570887855,-0.326194193601075,-0.348861960633394,-0.285606408246153,-0.341452691372767,-0.361059769237134,-0.490897866642088,-0.267740523948365,-0.272068458279212,-0.172283584811055,-0.148953570580014,-0.437654273682324,-0.522634736787934,-0.51111682706298,-0.386416915698751,-0.197144823742955,-0.329050955834579,-0.365194766146911,-0.576221094430873,-0.49757950623183,-0.256481338033033,-0.117697442878924,0.417498076230397,0.497319513811304,-0.0755336361909535,-0.059499046479831,-0.511003131297506,-0.47986538328502,-0.116143431638416,0.0242379059878534,0.232350417157263,0.242663125103154,-0.114719118367784,0.00807472424101978,-0.0657052850506964,-0.133076648346474,0.505639397596966,0.410727387453387,0.193483649052308,0.0595386274692531,0.310204928475952,0.226059093755825,0.472847567990416,0.486973477552327,-0.331140858045463,-0.208443010318038,0.191317767858499,0.229138882003986,0.0167417599096108,0.393641129320684,-0.215164255342748,-0.359826888499969,0.293229951358861,0.000777689273058316,-0.160888633051728,0.162413901510912,0.00127258379017632,0.0448064384192782,-0.455116873116689,-0.343218823095985,-0.174039202182336,-0.235518823944157,0.107287790836664,-0.0432839666625634,-0.496018371324599,-0.417324617315851,-0.556389760296885,-0.535255404452257,-0.348576101939705,-0.196836163261727,0.20239491885195,0.0241841001476511,-0.191986638263333,-0.180822055736869,-0.497178269331561,-0.271424824076334,0.362135252177673,0.672642956890111,0.435146981951987,-0.0325801007875828,-0.10818909631762,-0.10651863331572,0.200665194514379,0.312389400106598,-0.192303156985807,-0.365856669714194,-0.0594423248887372,-0.0605748472385525,-0.479326232397462,-0.345630409430108,-0.014223538002616,0.0671730646219345,-0.261816002548129,-0.27000700253697,-0.0228251207559664,-0.175496616752491,-0.054880611002988,-0.122579179618083,0.110894086834513,0.450870779470841,0.160044074837075,0.349243024179442,0.0928293411305168,0.244011319557851,0.335619737538805,0.16093643910014,0.399197897143843,-0.113230118734772,0.441869287223592,-0.0979446703737588,-0.37922902815884,-0.265101150464036,-0.26935673008042,0.178143065351417,-0.240564728582995,6.17679451721572e-05,0.0169388484400314
0.128054267140835,0.00713472130321414,0.0858502212851616,-0.0356083669966867,0.159295458177728,0.00997267146408614,0.00358289261132189,-0.0531831769689262,0.107966715214466,0.0044718928266376,0.0811898718785059,0.0664559155037442,0.100337187717485,-0.00268140986825979,0.0537241405638706,0.0292317305750448,-0.00447687185413685,0.0126195787481876,-0.10784188085442,-0.138312341878621,0.0804988494226319,0.114959767520148,0.391265214454792,0.397049280531458,0.289358399590859,0.155303376051574,0.0324344967411422,0.521901799567114,-0.121966582003875,0.212942849061954,-0.389683588615263,0.146875622853747,0.570823436817896,0.490645831349366,-0.222532617485342,0.123095573334021,0.112045898701584,0.13655783023626,0.0618920374341858,0.121823583281993,0.0723163998733791,-0.0482554115135253,-0.13318713704085,-0.227811402201475,0.151351120116499,0.281579206479429,0.0778486567852843,0.0804564153875404,0.578099896326963,0.262759697010319,0.525593150375374,0.482618125378029,-0.00634607861601647,0.262346856269373,0.510506682190275,0.233534332906075,0.847029360882448,0.667145174540752,1,0.682550305701266,0.0838782278854608,0.00916515316187085,0.112266953887356,0.0889669855766139,-0.0331861886332593,0.0699885526052568,0.132434436359903,0.0538831986814841,0.358380414643409,0.469338862901719,0.0881098985707626,0.0787458832715898,0.0194183195221023,-0.102194960533204,-0.0605096426585785,0.0981326341326457,-0.232142989783243,-0.382584004681658,-0.267095648486665,-0.280278206847181,-0.337127488916444,-0.374523146730859,-0.355017238936561,-0.376476699735632,-0.017611276349215,-0.0732724850012403,-0.195019230400928,-0.150408340178491,-0.0836332930007053,-0.163365704316805,-0.128267361742952,0.000737467394480402,-0.0701697393333406,-0.00688661876920761,-0.00157689441130927,0.0177181821883375,-0.121696304975486,-0.102169816059114,-0.0930313118842314,-0.0231203064421225,-0.0413156064016149,-0.0445153258071155,-0.134110853033657,0.00616311760875237,-0.353713743874458,-0.271544623898246,-0.00714142498443391,0.00457897046512128,-0.077209168516168,-0.0873612864396231,-0.11356681416197,-0.0345674659424174,-0.115852996021832,-0.0166356200802385,-0.0711135697676152,-0.0354575330158841,-0.386104387922081,-0.462946755785254,-0.23825063668632,-0.337639580664097,-0.286819246179785,-0.131219999771745,-0.421613158453269,-0.226787385982089,-0.165207080945948,-0.0958293000247943,-0.18114949531454,-0.191269657887164,-0.167129293850448,-0.209875451193102,-0.234183792913233,-0.337406914875806,-0.38389331042763,-0.48553247327444,-0.250904942923646,-0.246191861532524,0.00179767515631373,-0.200496625287339,-0.0429359159977346,-0.0857698192857616,0.14918017387302,0.284791855705047,-0.202638763367743,-0.135263246296761,-0.143765894514885,-0.150235349204451,-0.139114976612763,0.0556981753328277,0.286515385689938,0.495010688225519,0.49565334336955,0.218102400613784,-0.376631087927111,-0.513511526201365,-0.139512700139351,-0.0586948164801017,-0.237977334364869,-0.0647358302653849,-0.144504681019825,-0.216431045934181,-0.0927434289654656,-0.154484007728143,-0.219992061891672,-0.0926166201006297,-0.130824092051972,-0.169233770569813,-0.0852599602201448,-0.0592647030679933,-0.0724911834028219,-0.094673904254273,-0.269358682830402,-0.0121841066480202,-0.194320713134362,0.377927629149278,-0.202174249301725,-0.145038297026019,-0.104476087038243,-0.101002173106675,0.609006943504247,-0.115074057019507,-0.116122310667046,-0.245956650791408,0.11683077142856,-0.269746396058094,0.149161607093127,-0.0708415773407177,0.211390428183391,0.333516076017018,0.149043961202123
-0.350244439872646,-0.313007869194042,-0.434237178867156,-0.447110351584246,-0.283157025853771,-0.41228856311126,-0.485827005062832,-0.36987442720667,-0.392924809085085,-0.351829668153125,-0.383083581118464,-0.38467651820243,-0.419061113030421,-0.447808646227645,-0.457981584805259,-0.410291628642087,-0.537100283464818,-0.444747338425338,-0.420411523149815,-0.351565943592902,-0.444663792776321,-0.389213138452718,-0.0818795820535984,0.0606479162071371,-0.183717469617069,-0.249635123452213,-0.0717626623852829,0.357607980868084,-0.145965189660481,-0.0606954500213726,-0.125326422342699,-0.148427829557824,0.194250641588052,0.600778836823558,-0.054063953516568,-0.0944972735252041,-0.367564474225305,-0.255513520794675,-0.0799038313968566,-0.265896046660452,-0.275476987307743,-0.384271959068671,-0.195749791121129,-0.438528964662158,-0.39082680928867,-0.0233524797307122,-0.318133500153084,-0.354270928049268,0.432618940309683,0.598394111189422,0.345757584858825,0.797709280231833,0.153117299280406,0.651501548583592,0.338432955807865,0.481193358973999,0.555738890521501,0.875112687734511,0.682550305701266,1,-0.313620809909713,-0.33110275501359,-0.328782255056531,-0.315909020763593,-0.305428106110233,-0.271129956256763,-0.242288961266849,-0.235460932414356,-0.0475364608680009,0.147718417364609,-0.403623574747972,-0.288780508913274,-0.32168766460323,-0.231401797637226,-0.330452853510342,-0.185209042939911,-0.126237651703618,-0.362361801884214,-0.393484039973788,-0.25898948295688,-0.15598385207599,-0.13813648960415,-0.0982118944146562,-0.289252348639823,-0.392910555147077,-0.397738101408267,-0.271293422106588,-0.192621950860681,-0.205274780296477,-0.287811107761536,-0.508746497192913,-0.471600753316876,-0.192946239949134,-0.040743526904114,0.490808938165169,0.497142466651083,-0.0283433707634992,0.109666713331459,-0.40367109076574,-0.374108112363966,-0.0467264707372702,0.012763344942966,0.186886503564416,0.28860261171529,-0.129603619007975,0.0433238171034688,-0.00697044255439917,-0.0772291635626632,0.403648457190624,0.360304130368917,0.158791975516693,0.109517028770979,0.293896612898221,0.238700180598537,0.389412863593655,0.418635991444587,-0.322510641363861,-0.320277775827143,0.0497575796991857,0.0383528611549503,-0.0988746201711805,0.226324443037942,-0.262737468107538,-0.286881382044388,0.179536563546926,0.0133914391247953,-0.290187648873933,0.0728106557432255,-0.0327732314619194,-0.0242999409878133,-0.338884822464679,-0.351757290829223,-0.167253043856546,-0.175349505608763,0.103832627789679,0.00963867709658055,-0.394425139569762,-0.35814445659026,-0.419635780698275,-0.364201238925591,-0.364505197670736,-0.0946552926544155,0.14062938618017,0.109066884343241,-0.240250882518226,-0.243936374211559,-0.470608583206673,-0.185132239190158,0.315267977665344,0.577814081657293,0.461003759060122,0.0579891701757572,-0.132267888816041,-0.266875385636685,0.0495773477155539,0.0903685410850496,-0.192009790676508,-0.236756524489113,0.0139355980185188,-0.0143498226414898,-0.348439503532615,-0.23714398777971,0.0158419897028971,0.164126399449587,-0.167678213524425,-0.191312095101544,0.0365920899153413,-0.0845428209714194,-0.0408560524077817,0.00132836350054531,0.101971010873842,0.298607627090066,0.099415969493528,0.242695505181735,0.041580178518093,0.182410557305715,0.218032038918789,0.00961415579803861,0.449615920764844,-0.158470682084434,0.366812315545086,-0.0949902790248178,-0.214708942254498,-0.202265742017631,-0.136385690036477,0.199888944187566,-0.216372393067416,-0.00113398339582037,0.0238467602490595
0.759247314012805,0.735903802785161,0.817927167666095,0.854417702896779,0.495639810249497,0.750138898843894,0.679786757001175,0.633944190821855,0.655104179724179,0.593981424377574,0.7173661916563,0.722997538703174,0.688494471043106,0.81890664061348,0.66155495238472,0.786939251921239,0.798103246352508,0.836554603851863,0.664075988277957,0.640039426037318,0.744310302240395,0.698425157277994,0.319796359944246,0.371384417674305,0.534570904342644,0.589124441080626,-0.254867639756641,-0.176092079748932,0.0402761493834293,0.431114598272139,-0.168868764459671,0.167756542390437,-0.0669924194056452,-0.416860807448359,-0.22950193662639,0.599192620073661,0.643053553030962,0.649265456179351,0.126844995009786,0.430841909507811,0.480346043653071,0.412675524334423,0.109012176547909,0.124695730396689,0.639145678745435,0.546177441350579,0.514869623887046,0.47494735473988,-0.235749782564145,-0.559303227174391,-0.107579261015521,-0.477266464679232,-0.261611831718547,-0.708349384934341,-0.279589436663489,-0.582227251353078,-0.0219841984887633,-0.445125930960095,0.0838782278854608,-0.313620809909713,1,0.942992657007833,0.759327992534765,0.768521282882413,0.657913556685054,0.493347365052457,0.809135073569185,0.80180699122845,0.209682207557082,0.211239663700593,0.796825776168266,0.772244312338422,0.574402667782631,0.339066485604354,0.367614807402552,0.382745980335156,0.380400391105454,0.193265022312011,0.537567819460046,0.169938712714393,0.19010538114384,-0.080872050954969,-0.118243795811231,0.263479377815193,0.56381933335228,0.462550102290631,0.380977044114679,0.28031629836537,0.396731915063021,0.395690238312985,0.639894048161951,0.601513036132663,0.18975713941754,0.208181661464486,-0.504756831896392,-0.48569713653645,0.0176976727393668,0.0981390439641949,0.661273115395444,0.651859691314449,0.145827910421767,-0.126148807624334,-0.310548572185037,-0.189161778774241,-0.112706490818465,-0.168731065138673,0.064676914246171,0.116672944040428,-0.586564485101384,-0.469410934195825,-0.28259092048483,-0.0986819721589352,-0.343649680721777,-0.168771735623924,-0.529083215352026,-0.498762994840032,0.0534052828270848,-0.0996524897362558,-0.464220279097969,-0.590513342200564,-0.253112591906391,-0.605119376096439,-0.166107065968922,0.48390639377084,-0.49102687510728,-0.0229840059176706,0.0414917308754491,-0.208623246958116,0.0138211318985091,-0.213197711195467,0.536162107282977,0.216727962796093,-0.0779098700474148,-0.153398360306777,-0.31758114679258,-0.0975730742375959,0.797548176899214,0.484444512734488,0.825485750292767,0.84519216163805,0.518480005691976,0.537728496783551,-0.48158248422954,-0.131771198187956,0.0861147060949378,0.0732754783296805,0.635576165761677,0.580836928587024,-0.0640716133642035,-0.256698288133484,-0.224803305970292,0.0165446085179876,-0.178448018368974,-0.327487186942954,-0.343431771145744,-0.533485204195027,0.0456050937497407,0.482636896629481,0.134741284662112,-0.0860596259241447,0.583840254290599,0.398370422724948,-0.0452231924925403,-0.0784392879598884,0.228204324457824,0.305011458799009,0.105620554433014,0.253858593914842,0.0527381268195496,-0.00804179183951378,-0.350925332334445,-0.506369304811444,-0.177622990971068,-0.0150015913954486,-0.268154515141646,-0.427456989884855,-0.517358026409827,-0.196548617143536,0.2282366603431,-0.0700027095046102,-0.549828003977697,-0.0684556343379192,0.698540243024549,0.0460051015113842,0.478810987737196,-0.0607628944794885,0.285367812590856,0.108067341251873,-0.141661823022281
0.708660317872788,0.749951899784397,0.76207533973841,0.848353624202206,0.440532993576073,0.723103467832267,0.625995469504896,0.604700488398793,0.568132832174186,0.544315488871372,0.69235339923922,0.698779495738569,0.632128855528467,0.784264714359297,0.64455329299245,0.763527180809027,0.753759887368154,0.813048407902376,0.630592990021251,0.62564268241183,0.692146885226573,0.688987371636397,0.25461219120123,0.323608571237873,0.491884322061437,0.583605711340846,-0.225377228909062,-0.22998847478478,0.0170437383027934,0.404102974566622,-0.0673774122541545,0.14267780930564,-0.164140494807014,-0.470167561102488,-0.231259920727036,0.634511729170075,0.618571838819474,0.666224690359514,0.097684358421322,0.424364526623477,0.442125223497311,0.410900990806522,0.10478550978181,0.153808024516193,0.632522647796431,0.516708020969503,0.53009729110737,0.460876815159351,-0.287373220121605,-0.543608429020729,-0.16379229060605,-0.465833557705627,-0.2434731198196,-0.679146543537088,-0.31569904919,-0.563496366664385,-0.103657597471797,-0.472803074021263,0.00916515316187085,-0.33110275501359,0.942992657007833,1,0.716981513619408,0.804086408192264,0.684157211537355,0.524899713534301,0.772921491859109,0.811068105683681,0.182359775539291,0.173205530272562,0.757989148366106,0.790026801956386,0.594915479247358,0.386184255107895,0.354951217201531,0.413234350738601,0.384311230862748,0.219959658623094,0.573803227288429,0.205479973205563,0.241651304833469,-0.0190028768145242,-0.0849357501057336,0.340256256154109,0.564164733016664,0.459744736198319,0.399334133859239,0.284567568031162,0.39854732132963,0.415381854068839,0.611917169706976,0.556252609921875,0.200961705220098,0.199566403147202,-0.487383657742748,-0.485170211100643,-0.00640789555029517,0.131199481584813,0.646285006629552,0.607504835269167,0.0979248933127605,-0.158643110583688,-0.277646477739108,-0.151290170792488,-0.0960680168699692,-0.145207426109826,0.00459530025423474,0.0952386685831655,-0.536427869601714,-0.413917434127366,-0.291376232861997,-0.0704732749297589,-0.319408414325426,-0.155709891656193,-0.482118179242732,-0.454542635309783,-0.00961327652686172,-0.081531296135122,-0.436128777512861,-0.558433381830332,-0.221046736567088,-0.589358893432456,-0.168814614439841,0.502707226256228,-0.486594583524477,-0.0709361966505558,0.0393782091643723,-0.20075164867801,-0.0127098878442891,-0.19243935797694,0.533490368544467,0.251839912269156,-0.0362236469717634,-0.0772329897037493,-0.315237879899102,-0.0825394566603518,0.767471461650339,0.526384720447499,0.763196241932197,0.876798677631957,0.515596582472985,0.529420594847171,-0.480780843897446,-0.136300288174925,0.0518924266941683,0.0545882746096172,0.64691127704795,0.588971494684545,-0.0967659944781211,-0.270083317978529,-0.321554673472655,0.0059277716014081,-0.128237272680844,-0.272512642185135,-0.335412432045755,-0.526724597314134,0.0958634226980617,0.4924173327519,0.150880618780816,-0.0111893848094686,0.555740649111261,0.44671360811631,-0.0492241581222921,-0.0202394487701293,0.270690369149167,0.349364817845578,0.101609073102602,0.243192701836161,0.0866148941650899,-0.003355286507636,-0.319132947145726,-0.518635615631676,-0.172258300122466,-0.0800033833019491,-0.274717801068658,-0.442536609431914,-0.51454722004068,-0.201466565673085,0.176182458244975,-0.0407130987995999,-0.487508039423991,-0.020908790943352,0.713529501152231,0.0319785910968386,0.507186355862891,-0.0807279859136815,0.271342836698955,0.0752087337791178,-0.124592466269194
0.689912560737164,0.592072618404782,0.746480505067955,0.717477365886136,0.485444163840783,0.650790196370607,0.670797838113731,0.482044975402581,0.592450016664725,0.457370750764984,0.657707760589145,0.606922990955603,0.677942097480473,0.698568128184873,0.66186250677719,0.659780717162185,0.740885649276848,0.712873912456129,0.61395425951284,0.550636947842981,0.801564376807683,0.744079601539544,0.439972534834476,0.423772831955573,0.547414551783502,0.571684467466607,-0.208698323854929,-0.109145198457018,0.0380581265908479,0.297432253648103,-0.233691259989076,0.168582687362735,0.052517005615833,-0.398660235826233,-0.19509407565284,0.485529988723986,0.597856269649122,0.562229728257396,0.138844432359801,0.474023863350768,0.4202665029879,0.418901599630123,0.0832472228320969,0.232681397803873,0.651037415918097,0.499909825337455,0.481078409054961,0.497737621550162,-0.147977737856449,-0.469795356805738,-0.0725550894848963,-0.489226685213444,-0.13666022209708,-0.59812514950325,-0.140187274540682,-0.440384868509312,0.0129912530874431,-0.426242843996443,0.112266953887356,-0.328782255056531,0.759327992534765,0.716981513619408,1,0.784139931873959,0.694327078642218,0.576044048809865,0.669977722285068,0.632096476104444,0.24292226833195,0.24907204544619,0.6606642358182,0.572166355445215,0.483776617943834,0.288222431883804,0.409056293732608,0.415589732401345,0.230115645111301,0.147471761172103,0.370794383423103,-0.00334461058416137,0.0225067302779846,-0.186193708874573,-0.158477377357987,0.204057784945379,0.574876142773137,0.505395902830056,0.272416568945772,0.1254863491924,0.36112500494023,0.307473479254553,0.650753858948963,0.685877085100008,0.213527426741444,0.296603097892364,-0.558911789123582,-0.604586180247182,-0.0401711788429459,0.0600050554660652,0.562300618583228,0.645146611578879,0.0950663331530781,-0.0818139619886585,-0.388095296024129,-0.30886491001527,-0.328332368058383,-0.288460553083635,0.0416989434678613,0.0881791421697734,-0.661285939500751,-0.542404855797004,-0.402467806114369,-0.163262883711388,-0.501940755781575,-0.35349903055836,-0.618498680939737,-0.58200853237019,0.0914280276859209,-0.11723655686369,-0.425416339841897,-0.515261196486752,-0.263214857498081,-0.547933042528676,-0.00829486591879967,0.308671010974239,-0.484281936000469,-0.00441912851303275,0.0818398375768714,-0.262590149008395,0.0659964459348305,-0.141263546236378,0.392193115493768,0.0903002987182585,-0.16591184359922,-0.21023109436354,-0.392024432393326,-0.112645975116262,0.660693125410275,0.291516426838122,0.731445968566341,0.642744299755817,0.535969252366619,0.522233879491883,-0.420374579915272,-0.145595195963518,0.204954200367367,0.156307652760955,0.506349377961499,0.370892375300446,-0.081230010623851,-0.222099163858902,-0.181893463697776,0.175833745042283,-0.213731771220629,-0.324436067725641,-0.300305205957513,-0.423168135095806,-0.0525245538248853,0.426118568110261,-0.0351350222240421,-0.194437451595577,0.588522617008577,0.371585135778734,-0.0471391336355524,-0.117229729351791,0.105742843963873,0.147762644342284,-0.0325797030803087,0.0919665161852744,0.00831359038542308,0.0265089812728043,-0.335367784019555,-0.470408209016376,-0.186630628013048,-0.0295046877784363,-0.28791987087178,-0.390280836478625,-0.490176758127391,-0.18365940606249,0.196148125325735,0.0242889555419922,-0.630995796104864,-0.129909452411813,0.549226668556637,-0.00665105694058706,0.514409389103776,-0.184924715631213,0.437283947774471,0.176520300705926,-0.0178133228556754
0.680550181275848,0.652547829656344,0.717129534277779,0.738553020256197,0.440907195048981,0.666054544706781,0.644738775498128,0.520975336250033,0.532144209018196,0.479615197647009,0.681116869400498,0.657591990461108,0.669359974598975,0.714225229517043,0.68121445105186,0.688863969934119,0.711152344177916,0.726465067747609,0.500546028352883,0.526022928629806,0.752288988673298,0.794777134718217,0.396356576427687,0.423491946923082,0.586002459995634,0.619757029131412,-0.190429878118891,-0.143191711084797,-0.0444544289991397,0.342541427613783,-0.134477243915764,0.277418521938737,0.0279867577236717,-0.373932961561892,-0.18835471264355,0.555026413720083,0.676085534431986,0.63195558279042,0.164583302720401,0.59451776965179,0.505711822197853,0.493692274208689,0.134337454309547,0.326979431834609,0.684811786342246,0.585175609449357,0.555552269865593,0.563693325182589,-0.0853637424221661,-0.40405318699647,-0.181734986283782,-0.472578443546642,-0.136699028656998,-0.566035681027543,-0.093553378487581,-0.393107421756299,-0.0386531939052758,-0.423879209221914,0.0889669855766139,-0.315909020763593,0.768521282882413,0.804086408192264,0.784139931873959,1,0.738757705370644,0.701956384309132,0.642785025724213,0.647073098825367,0.350665267003631,0.355462470860207,0.677804985714308,0.656415713149148,0.500323939098544,0.275698225709974,0.471284171044692,0.507576804840663,0.215115401909063,0.0978308489935588,0.336962451644447,0.0324679404743133,0.0506061446219789,-0.153494587074185,-0.17541306134822,0.213110094658202,0.563243324576913,0.483933070375207,0.269933247280467,0.176487234882638,0.401909219329182,0.347700725204013,0.597436028782598,0.595604184131683,0.216830856615736,0.209840113573439,-0.504993496330648,-0.495690481550375,-0.016089711336077,0.111639838595298,0.549693574203128,0.574014088566603,0.158063926918727,-0.109748654266245,-0.312692318645342,-0.155196724029419,-0.181573518577462,-0.137163397070573,0.0475588479457258,0.113644119555276,-0.520301479066605,-0.376298637357747,-0.353979704565883,-0.0958445339480907,-0.379730464591478,-0.221490376875444,-0.491652123030418,-0.459545960531702,-0.0981469874848047,-0.166827175349986,-0.531168164887166,-0.568894185719157,-0.2187447859232,-0.605880216600226,-0.182878809336989,0.362553287948948,-0.5239035368697,-0.203277096506028,0.0679913068521934,-0.263926320010117,-0.0147390618868997,-0.280972010646166,0.385108791066987,0.108831127157702,-0.169982367699274,-0.232292567201935,-0.436356945375488,-0.263082144964927,0.656499429266127,0.370661117664661,0.639360350820919,0.708628760430618,0.647918135658729,0.648920747354016,-0.444850219221727,-0.274668642715773,0.143410869957694,0.140883740047496,0.456091822564545,0.412369907803347,-0.163902065020434,-0.309216396646449,-0.231712575987737,0.061874873914691,-0.210508214957352,-0.329125698710373,-0.345393824447983,-0.464150914027958,0.0863355543558503,0.381001085610014,-0.0616451370653984,-0.158431892922601,0.58768760023613,0.475121742407016,-0.0770350781293271,-0.125244167613613,0.235127284543348,0.238517693045468,0.07923352578856,0.186526766170943,0.125822857133176,0.0382644148029359,-0.340066487394554,-0.509446396173371,-0.165632080934653,-0.0455782720041831,-0.315667689602991,-0.491306373855304,-0.538380243200659,-0.258743191483457,0.123669649952385,-0.028384669939945,-0.491456396136617,-0.0488993171431035,0.631305803716265,-0.0133861242520912,0.531612281525947,-0.203557425839203,0.457208628422187,0.256629034912454,0.13606009426842
0.671785001395465,0.671372930584465,0.627338905133766,0.626327485888369,0.35799974732125,0.538453241625494,0.65356405475855,0.525474896735575,0.447269435615487,0.390077518286634,0.645262538131506,0.63780210858098,0.619197520190264,0.641221368817927,0.649021727340142,0.625453546889834,0.615363108619734,0.568055028245657,0.463352005153442,0.474053507827078,0.664819298623148,0.681773717581279,0.322145745878921,0.408850125154615,0.500531633072803,0.627761952993456,-0.26055362813717,-0.140023315523133,-0.18383533343158,0.331064214201402,-0.152027869529307,0.295052477347175,-0.0183182644459559,-0.373507125390407,-0.204585678714957,0.600103917002163,0.570677175693743,0.616022228107425,0.136944882421695,0.620693774751757,0.422385664089845,0.506931117499284,0.133690862724298,0.386529481056334,0.660863334403375,0.626161852838355,0.594702569516113,0.603497512766924,-0.0592655082659455,-0.311004229955769,-0.24904587745455,-0.499354851519445,-0.131079190208409,-0.470190203492726,-0.129602341465728,-0.272517922744025,-0.196599444179707,-0.462411020168298,-0.0331861886332593,-0.305428106110233,0.657913556685054,0.684157211537355,0.694327078642218,0.738757705370644,1,0.824673207153656,0.634054324443917,0.635381743091017,0.284904755506684,0.321392134369778,0.590542621182671,0.531631394113548,0.456481071237776,0.350773602824156,0.369711840973412,0.472912033896281,0.369488883345355,0.14125695405517,0.387690699628036,0.0829085842959972,0.138747478566908,-0.0170216416944431,-0.119910404082423,0.305050703506268,0.662930707635049,0.559238590517345,0.454568761735094,0.350124929370606,0.627896535833381,0.535810939263197,0.59862414226172,0.550448985977688,0.299128316890391,0.249257343709987,-0.40751171624298,-0.456907833096755,0.167375962503061,0.254200785442892,0.571496538884219,0.636470883895293,0.141851808983632,-0.01953990846674,-0.19113816039383,-0.0473198153660797,-0.120939890952766,-0.0411569816636309,-0.000669802342482055,0.162217079273966,-0.528914401219515,-0.39940280311331,-0.280102037175518,0.036925108468268,-0.389186656638158,-0.225618843468992,-0.500049459617079,-0.470501009649436,-0.154311109434512,-0.205180505962785,-0.572290926464753,-0.594635261179885,-0.3815286460405,-0.590141975494448,-0.12697297084003,0.27637388800748,-0.534928045252201,-0.189912624846336,-0.0671818376601682,-0.361437505753858,-0.107621313424896,-0.235240364997304,0.424031139179084,0.100375264148323,-0.0883286645126707,-0.152742088211471,-0.412525925334969,-0.215063849353563,0.622324626830454,0.307052614987628,0.619186032889712,0.650221236893876,0.548613199613415,0.589644626230392,-0.475404425213528,-0.170105478605665,0.0751485555946793,0.0345808456051029,0.46675544220371,0.41133040280802,-0.258987265,-0.292659769119668,-0.20387820579441,0.109855911033147,-0.23105926866607,-0.362789128108422,-0.502517015688644,-0.499872787443267,0.0275374812510322,0.50798254430021,0.0167378165964399,0.0144535638427462,0.641240334539757,0.486934726029662,0.0612504992125512,0.0776744405365196,0.321513161004883,0.437738567383142,0.0339611417882227,0.140601004323354,0.269485206281007,0.315585592553133,-0.299560474127653,-0.55151673559408,-0.219063596523018,-0.192950191654218,-0.378807890022227,-0.503448242168512,-0.581624702211095,-0.368421685277459,0.134113839264128,-0.0223180353850321,-0.51209692767615,-0.0221517104824375,0.574290986136203,-0.0192502559098465,0.608484718149412,-0.190605063588953,0.531441598826301,0.224589350370397,0.211953696227962
0.581129390828425,0.542413633941743,0.532281822014658,0.467728330391913,0.350151950515267,0.435266265943072,0.551129415151836,0.384767630972807,0.368065902849684,0.274881415171945,0.58698864455769,0.554325826975383,0.564551538332927,0.523813993264552,0.605469253459158,0.528956164709529,0.479068177645622,0.431996622438788,0.277196938484779,0.271195366937516,0.588138680861255,0.660832718702202,0.414912026299971,0.470509579746191,0.523849733567204,0.610533023703724,-0.187669705567019,0.0169467473100872,-0.206843224956151,0.288226903744533,-0.23437715406649,0.357928930125932,0.138075292400302,-0.198434568215577,-0.109448896941583,0.497665689224921,0.570884421544956,0.579589838674915,0.1783400378057,0.661792968596725,0.337034529411728,0.523384632794765,0.0412006972209232,0.451635241896291,0.641761756531745,0.640271656709935,0.547763724783803,0.599461778805303,0.0330465124248086,-0.191553611013653,-0.242684466100833,-0.450379480599407,-0.153039320977465,-0.334584451990137,0.00790181918311451,-0.135481182755052,-0.110337233569574,-0.364669740985702,0.0699885526052568,-0.271129956256763,0.493347365052457,0.524899713534301,0.576044048809865,0.701956384309132,0.824673207153656,1,0.508954819307525,0.480444218737534,0.378212497737351,0.454973807056696,0.515373036534065,0.450589318640026,0.374529733646347,0.284743848472414,0.360482694558493,0.545079822114651,0.205307362944193,0.014487619503336,0.155354506433996,-0.0401816205318876,-0.0494635073731106,-0.13526100159995,-0.191944360163757,0.147020691694028,0.648412952240386,0.553504561528126,0.257246303490333,0.217849544799208,0.451495380596433,0.448216593088077,0.435187365666877,0.454011950019385,0.182970673680254,0.180009206766735,-0.364005785476339,-0.429071158144509,0.0991444732300408,0.118340499778957,0.394014037623807,0.461034824495948,0.0423515907992659,-0.0284114775228419,-0.144316516695448,-0.0288326806536724,-0.25162704287918,-0.0587642434474343,-0.0195681533120524,0.159890805382873,-0.43575323973365,-0.335802890250648,-0.260541596833324,0.0343603826568713,-0.382251814994096,-0.234045406450551,-0.44273852952244,-0.400415441149381,-0.194907379444932,-0.230661048069474,-0.488063969545228,-0.500631594141267,-0.311139849646486,-0.4651323900779,-0.140483810241966,0.225597671052614,-0.444505296583378,-0.187713428230634,-0.0594372220130577,-0.354201807788513,-0.106587389822016,-0.233777489896193,0.231208102922178,-0.0397841122272169,-0.233323163698992,-0.29883714098081,-0.441802272766566,-0.287632636497395,0.48379269424611,0.21447483188281,0.445852327527265,0.47337608823493,0.59695391756243,0.656128977878492,-0.387293382618739,-0.144439771168074,0.168202062623047,0.129153669912572,0.275607300732419,0.288670071283847,-0.202956122365008,-0.197295109774441,-0.0723262320578801,0.205716016213746,-0.28323389167435,-0.369789382501929,-0.411543795781889,-0.311243308350945,0.0165414099199791,0.44364760398977,-0.107634518894795,-0.112802742312286,0.535496947886202,0.428642347343267,-0.0359736733466173,-0.0961685912950372,0.173158694799384,0.298707468160937,0.0672038243984086,0.17248467853384,0.334514983231261,0.246611932258361,-0.244361037059763,-0.415498156488064,-0.256863685041232,-0.0467529340673198,-0.355185447798555,-0.402411791363203,-0.473743876211382,-0.292048097989961,0.115114778578966,0.132114176509154,-0.402159703182648,0.0190714895515883,0.505106346916715,0.0132179943732062,0.558539735449787,-0.161597878828533,0.610029965776686,0.329369656653721,0.358336708783574
0.880055349025383,0.870176661104385,0.751688164853218,0.721639172349963,0.439323317871821,0.568419903942155,0.745724512419278,0.697060978209038,0.709413638224478,0.563582253863291,0.834917112938401,0.773555055352247,0.768048568315941,0.803193787317359,0.751227931988855,0.790038834345601,0.749576069996088,0.71694245188309,0.528465510017099,0.47490786214294,0.617937823480137,0.589416746449925,0.520065463183923,0.676627278208731,0.751073054309815,0.839838866850748,-0.33131205516977,0.0378544280843842,-0.0405204933807031,0.635769428969101,-0.247503241292754,0.233707390893523,0.0320317602430235,-0.325528490040001,-0.267145218946919,0.756172780851415,0.705270748336477,0.737628383346455,0.247948259364337,0.516722906909133,0.516119786749722,0.44266947624024,0.129064898474248,0.168038204198991,0.738101756914406,0.685128480783486,0.568763822812892,0.525144211443379,-0.11820304574442,-0.420937593998579,-0.189793357064277,-0.468396084287553,-0.337821986677786,-0.638228049570207,-0.173638072883409,-0.369789367089532,-0.0513607750376348,-0.41849688372056,0.132434436359903,-0.242288961266849,0.809135073569185,0.772921491859109,0.669977722285068,0.642785025724213,0.634054324443917,0.508954819307525,1,0.953277492790223,0.226590584380495,0.319466704354942,0.827895242101196,0.771006534990321,0.610677297858456,0.366618000834349,0.235355814725487,0.426742438191365,0.347399574010911,-0.026306410507877,0.401066585296282,0.0124228397242712,0.120977731949702,-0.142131173922429,-0.176036768089435,0.261907793138433,0.608610410272575,0.441696729324907,0.321125810954548,0.161990236301908,0.403242122515528,0.332178698449089,0.639810974193821,0.58560857247437,0.209447149881294,0.243610090588103,-0.473955895084572,-0.497897437816948,0.0939927250727789,0.139935777070378,0.693501304194209,0.66810993980857,0.169086107597647,-0.0976780698411816,-0.327326314789938,-0.207991427801647,-0.131519939144558,-0.165632320714695,0.107477299201641,0.211609822656031,-0.592077984960573,-0.499780252966761,-0.263393366891944,-0.0456305531619722,-0.352147534625744,-0.162121727270352,-0.552811654697518,-0.509373701099336,-0.0383835257337576,-0.338974543548852,-0.564965387299082,-0.738324564914898,-0.387617951499296,-0.697656520632043,-0.304299671539943,0.341061342946549,-0.571533820536055,-0.0315664745683228,-0.135815544409189,-0.343558725524726,-0.0173536764368759,-0.367389377465658,0.38533891158754,0.0412227751925482,-0.197739663792842,-0.23564706111613,-0.387075026938446,-0.0893532601635851,0.801854737126862,0.401706451182518,0.845543636997233,0.820839356937948,0.531759994849012,0.625549270096832,-0.552984217126928,-0.204238124030571,0.00144505817430721,0.080728909850591,0.528841915470889,0.483742754410014,0.00615582248098904,-0.210812977181058,-0.18116699183791,0.133997114357987,-0.383027778238283,-0.515310020250762,-0.373580391601367,-0.561991936598409,-0.0837034621184234,0.523960203924998,0.0596801126097313,-0.0538820980164863,0.500760434886337,0.269043140678264,-0.0895786240081805,-0.0755245493152604,0.199908667766381,0.267764589861851,-0.0366399984718279,0.193107680283366,0.0782906329542674,0.0606515320039076,-0.438544670876904,-0.538317863303784,-0.258318724252715,0.0633097819443958,-0.435774702878045,-0.529823705084758,-0.556903928386786,-0.35118100025189,0.417457357984934,-0.0336542830849248,-0.595665054284755,-0.143275208338033,0.807268147990972,0.174782707903043,0.623747763183584,-0.043851377151328,0.457404748762299,0.31328437926282,0.0342009662760044
0.808909581297866,0.897052784557364,0.680914148378007,0.726080625646951,0.368412385538758,0.547119066799429,0.663317948717825,0.7078847460803,0.619022006577826,0.571302717635876,0.759476373491118,0.725742084156345,0.670433218944448,0.759345673397381,0.665528643237282,0.742863983082373,0.672633088294285,0.694358020075864,0.501636699908455,0.494130457494278,0.528186587826449,0.518244707049907,0.380604206657901,0.578725001138792,0.63656567669795,0.787544514006162,-0.377723823440333,-0.0595611463869167,-0.0686932867791728,0.637132553235727,-0.153820009953036,0.226623943088196,-0.0894179661989378,-0.349993077421882,-0.208212136650721,0.78278912061068,0.644475219597058,0.726858325755893,0.278978475101548,0.478696120663068,0.487225452065264,0.424381532699653,0.185620089673577,0.172505610617785,0.661397492712681,0.647644447257453,0.536903412416104,0.465537784496351,-0.199393446909445,-0.419269367516201,-0.282089876458894,-0.460876254829856,-0.348025868287878,-0.627143677323933,-0.248049688610215,-0.387242956328731,-0.13977804319576,-0.429692306016988,0.0538831986814841,-0.235460932414356,0.80180699122845,0.811068105683681,0.632096476104444,0.647073098825367,0.635381743091017,0.480444218737534,0.953277492790223,1,0.167016246190612,0.284435122605909,0.760810798256702,0.781377156594738,0.587673986752807,0.409650280995728,0.241604453724153,0.400012529847793,0.39616570285226,0.0268182653823096,0.446586429941827,0.0769756437201394,0.213231783356376,-0.0420294656238879,-0.112551533695136,0.328944638308294,0.55198621272856,0.395303572421803,0.381795028398559,0.20495474929035,0.449963063260315,0.35614985974353,0.613714372119857,0.538969378332902,0.221205429435084,0.232935870023941,-0.408622730633345,-0.427064900549734,0.131350774963573,0.222672775976073,0.691533128856607,0.644512181364293,0.207024934585776,-0.0136968188310965,-0.234974325006358,-0.108984754620624,-0.0500516525325651,-0.0424648039784983,0.132469108704409,0.244125073592534,-0.499840785524861,-0.393031038971885,-0.203774525204701,0.0282915147865763,-0.235509755405641,-0.0583605797939468,-0.458233128869942,-0.43105139340797,-0.0552935302509283,-0.294719425997716,-0.556987499609531,-0.677225001185823,-0.377884104755209,-0.646118470886745,-0.289925836431157,0.389809599152814,-0.546162380143919,-0.0130355585815255,-0.141101829019983,-0.260093198754262,-0.000217746835603711,-0.348431953925767,0.425807633347397,0.113084763928287,-0.0996314622104485,-0.138930562656444,-0.347011976497364,-0.0380415771780654,0.744370991623851,0.453058558760199,0.800918267517171,0.897106108464295,0.46887217897164,0.587889321895583,-0.51779574919364,-0.177616769994431,-0.0333670628677656,0.0558430627017759,0.515150520799666,0.508959284667406,-0.0121085291530228,-0.214831420113422,-0.219872249772339,0.0638238166856479,-0.316435348389403,-0.449568397304837,-0.400987952325143,-0.567237936943571,-0.0189582376532173,0.523278346090712,0.110304420056447,0.0633319700953547,0.477089641320453,0.309624101331805,-0.0356975178094531,-0.0383983132764563,0.274234867603647,0.313709535688552,-0.00405042328560783,0.179694084049168,0.119516352930569,0.0553816165721805,-0.400212655245912,-0.509948742078186,-0.18887278008334,0.0129728519870714,-0.367861052709341,-0.529086705878637,-0.526203875721504,-0.330323812406603,0.383251621425363,-0.0200566589126569,-0.502574570250742,-0.0810447826695392,0.809331543215716,0.211592115630305,0.609703470791293,0.00115621476544274,0.396870184178059,0.229509222223369,0.0435808484911474
0.438834240958417,0.26351806864175,0.48891001331868,0.326182440640693,0.495997131246444,0.347461512088361,0.458891272509524,0.296462651085817,0.432916176416765,0.352720855354208,0.324018564632041,0.187080896520738,0.368441151709679,0.134714548304106,0.390974815941802,0.138937435675953,0.320288774986414,0.224668569513059,0.11023189381338,0.0333284089401554,0.374427025517663,0.400552792984063,0.514316606751873,0.418994718393553,0.42107684488852,0.270325820983798,0.0546054722147269,0.202216433937423,-0.0630773538572076,0.127789169299653,-0.34466137741075,0.589663312379238,0.68122174634069,0.236643519141795,-0.214657109787407,0.101292443214457,0.241925177015138,0.140912801874638,0.141343828726634,0.432727822009549,0.210199177960712,0.189343249323088,0.025760809373047,0.203990841691492,0.353387553037048,0.295861632572091,0.194074586472254,0.259776041523501,0.322180613075119,-0.0924770799081478,0.0525941287237329,-0.229233704339873,-0.168952563128494,-0.153845142625311,0.298120522313287,-0.01028406237977,0.31375917831296,-0.0227768805774031,0.358380414643409,-0.0475364608680009,0.209682207557082,0.182359775539291,0.24292226833195,0.350665267003631,0.284904755506684,0.378212497737351,0.226590584380495,0.167016246190612,1,0.757178262036429,0.214934405810507,0.0226608778271201,0.062918091300973,-0.210309906363264,0.0598136094559118,0.0899291964058044,-0.0956080127667133,-0.155236726935391,-0.0153688200590695,-0.223424407407057,-0.237411306702837,-0.311911589101362,-0.0466590535205085,0.0126640801984056,0.238470649896489,0.221378612309927,0.0222798238980898,-0.0509517729653581,0.12284328904196,0.0231769960155056,0.165998313607133,0.303939323493097,0.00984833567443087,0.0263128691729665,-0.19766849124766,-0.174397145538643,-0.0628379686538671,-0.100398707128603,0.094788416326061,0.216670227761123,0.00620317548077944,-0.0637714236796601,-0.194848393436751,-0.101761798099078,-0.201415462937571,-0.207748226877819,0.0138549160248348,0.0477478438172559,-0.291651205157841,-0.254670472270269,-0.210094018300196,-0.136537248201556,-0.303009064318925,-0.187653412724906,-0.305680376934247,-0.320239929947158,-0.318214047251493,-0.121213531805269,-0.347137247846973,-0.37189103726833,-0.176504671067427,-0.346394601796626,-0.296697289860599,-0.0470689411953246,-0.380728634554636,-0.171264021047871,0.139062731245459,-0.222106320247347,-0.21245531455344,-0.195645233645799,-0.0238295677590783,-0.134667121130098,-0.19880035521385,-0.438602053337514,-0.300741288024726,-0.346641242674886,0.172686198603527,-0.221739233225257,0.176730879813835,0.109703616738274,0.452103032631557,0.393894687744588,-0.286564691616098,-0.381841515020691,0.114832243669421,0.131713494728586,0.154821469039556,-0.0498838141559527,-0.0723178111541434,-0.109574287257015,0.0473553169241521,0.0307988973412921,-0.326296188321739,-0.249284266033752,-0.175527145473531,-0.072415774234595,-0.055674494002689,-0.0133645110147454,-0.231851578559301,-0.24028619917817,0.126764797627674,0.0743844840778298,-0.113229703820024,-0.140576660695431,0.0973021902667786,0.0289045086319829,0.0169434171172833,0.0185990253774836,0.0596208906008037,-0.00813495303994853,-0.377506146387607,-0.133370586299948,-0.288768799624606,0.0476579863917661,-0.45738946166791,-0.357363866556573,-0.212280647800051,-0.14274955572664,0.145545169099512,-0.216021574429958,-0.289446981947753,-0.136801027410996,0.091678262577796,-0.151487683693015,0.266457092410447,-0.334168128331885,0.3819687488435,0.584174617979027,0.377965002843541
0.439726180361994,0.324600309622912,0.399860610684042,0.285243460895877,0.459344547274311,0.371266098221525,0.397417022351452,0.37444152016733,0.378557785914307,0.371096924392443,0.308849770946347,0.214746290242685,0.311237440756604,0.152143427201659,0.330965176729463,0.15781104668499,0.190756824973499,0.188342833175543,-0.00395597142781037,0.0293931529436067,0.289521161044038,0.375788754564179,0.500507741950463,0.524278187492639,0.434318169277649,0.34965299604658,-0.0798226185701727,0.351453201389603,-0.25011692621124,0.253848423619279,-0.32184266884154,0.74075654302945,0.645676438122498,0.393384912181427,-0.195477127760766,0.247934187740807,0.312598839335321,0.256381496801335,0.295256099721335,0.593070832279947,0.242996153659517,0.274840835214161,0.0180897891202982,0.281715743220365,0.343826215419028,0.431491345668755,0.177427602191549,0.274162925332961,0.316089652894671,0.0212200898733243,0.00493784015556692,-0.0463808555824864,-0.11999889459179,-0.056565794990477,0.276827249954376,0.060379015359747,0.365588889700374,0.159514583434422,0.469338862901719,0.147718417364609,0.211239663700593,0.173205530272562,0.24907204544619,0.355462470860207,0.321392134369778,0.454973807056696,0.319466704354942,0.284435122605909,0.757178262036429,1,0.198979456425827,0.0628102232806053,0.0332383425140352,-0.141094549700224,0.0132556121554585,0.173777132464484,-0.160674694441739,-0.374787087825246,-0.153746396855904,-0.299851307291137,-0.341985092589052,-0.298667242375144,-0.174410143967121,-0.105120400209373,0.24229736692937,0.201232625307122,-0.0111982230554129,-0.079205046538765,0.120112075678703,-0.0391405230246529,0.148763566363089,0.226655016784333,-0.0356868909984929,0.0908044270744959,-0.126112452332294,-0.0700862304704865,-0.0044054236590741,0.0429175315003669,0.128651896263125,0.211091379870812,0.0101441893438193,0.0404582688213154,-0.0788659835761435,0.0684619660426942,-0.260408977910777,-0.112716421755841,0.0834589556302752,0.189676894460305,-0.194236195075699,-0.16375260812446,-0.0657234762194366,0.08250001184655,-0.172889808538846,-0.0138197442229096,-0.220671754737878,-0.206581376902533,-0.4020666347597,-0.298881590733377,-0.439840868934688,-0.421213399911097,-0.364734730198217,-0.348670049748685,-0.458510636533086,-0.122194552413592,-0.404426675937739,-0.152212489289871,-0.150954028280139,-0.22926867416341,-0.191000366444187,-0.321957793718032,-0.125513226298187,-0.31319549346505,-0.367529878783036,-0.542397722610535,-0.336217126499254,-0.396356552576587,0.164624881133384,-0.247182758427662,0.158322727743335,0.208348354994899,0.340364889108294,0.501789693037753,-0.299160372095968,-0.393855403920382,0.0207038707900438,0.0541246473181555,0.0162779390692418,-0.0246115107715957,-0.0237512684108555,-0.033312008222952,0.128034970544825,0.0283229444761222,-0.458433340950812,-0.453649024950402,-0.297560337408825,-0.133665202847281,-0.177718987392047,0.0263015284884795,-0.247833251939608,-0.16586788171817,0.13657938055811,0.0287739253250741,-0.119881499798468,-0.00946008530869671,0.0959744446457536,0.0301327254004922,0.0563828787251163,0.0463347973399079,0.182015591284319,0.0646719276726977,-0.414811411049712,-0.18203652150395,-0.303682850842955,0.135630066275083,-0.439712048864329,-0.408147670433073,-0.31560026819736,-0.2829294522453,0.343354607430481,-0.194549102809199,-0.223419580224536,-0.237772151540836,0.149616016652606,-0.0943962514821581,0.40665613221904,-0.127130579811362,0.502087300022755,0.547437062786605,0.564934292096402
0.798731235569005,0.759538367085692,0.721801172810102,0.68595304210469,0.401761143718449,0.55962294595191,0.727940706805894,0.609236755713452,0.669970709145632,0.480117757921531,0.922930348483653,0.898611149540108,0.874069501750495,0.896166037579441,0.879705740461561,0.902151386000363,0.861272175662253,0.816829652860739,0.474355317976621,0.431494161241322,0.679308550778557,0.632616690057572,0.449916387065381,0.506645705580523,0.750284205904787,0.800933625597359,-0.154674006197786,-0.0566756395716347,-0.0596445132533237,0.593145009318004,-0.232582698386621,0.265315942695697,0.0578050513505433,-0.438765206418873,-0.327283606363568,0.698599667309152,0.84059894508134,0.80806565196523,0.120009270680489,0.582681752790952,0.582065029384562,0.559425722691691,0.0715501693268651,0.291397789971222,0.78914384852361,0.579190294924118,0.635507747410343,0.622331689144687,-0.0958472090493019,-0.501953129112933,-0.00497166375830978,-0.512421316938979,-0.333040646031156,-0.665264480619064,-0.0915993139956578,-0.449865899525807,0.0449258449992383,-0.459818492394773,0.0881098985707626,-0.403623574747972,0.796825776168266,0.757989148366106,0.6606642358182,0.677804985714308,0.590542621182671,0.515373036534065,0.827895242101196,0.760810798256702,0.214934405810507,0.198979456425827,1,0.88746449846877,0.684198684691405,0.402529283811827,0.345769705751948,0.513076387669215,0.185444631901703,0.0347461491751141,0.402560412385178,0.0805813804807193,0.0352132830997735,-0.179101263375453,-0.258650060356959,0.126400549354737,0.576222292798283,0.443083016111602,0.280393109408147,0.158420382647773,0.384933059315808,0.311588574431133,0.735584041981306,0.683479265481972,0.146380715241637,0.0969820931298321,-0.684148275753341,-0.701759941923239,-0.0536837364622434,-0.0944412623912545,0.67638005516882,0.663136993319425,0.0238188757377913,-0.166412268929991,-0.43892011075537,-0.37062444356187,-0.189174949635297,-0.240436007311305,-0.0174962780125469,0.0778424888869804,-0.65849661660798,-0.562794935416191,-0.375417513905426,-0.169683370653253,-0.495104013129675,-0.277465839690516,-0.622391158534302,-0.600002638012965,-0.0286991333576915,-0.279610577059857,-0.483127455842457,-0.660782000761349,-0.267241526531869,-0.635534525502105,-0.302008658355129,0.259470628624707,-0.511342590521776,-0.127553057527075,0.130538103950987,-0.256469698351079,-0.0591760630886831,-0.272560814516715,0.391728539347983,0.12722807865049,-0.201246745855208,-0.27950978375067,-0.420551480445914,-0.169697859936294,0.912086425173829,0.531045089213291,0.763125195641431,0.734679199448316,0.685455145795911,0.616265890893232,-0.585681417842523,-0.217046185586843,0.0747555789078597,0.12882899829199,0.632689718256623,0.587351229171776,-0.0114502437879982,-0.18431892068573,-0.22416326614475,0.168171672778367,-0.346772339999286,-0.398059730229457,-0.346070449842747,-0.457053009719918,0.0116190807132163,0.517600595272502,0.00518495415044981,-0.0977949015877222,0.536057788342053,0.331463172560498,-0.206783566958683,-0.264216225128718,0.216736174823208,0.195566167066777,-0.119250501687549,0.0876707635984149,-0.00369922854590022,-0.104613516780617,-0.419106722820407,-0.532787739901396,-0.277467801619356,0.106709965770373,-0.353272359529285,-0.490580382571073,-0.518917405354259,-0.25019371115084,0.259792388671312,0.104475825380024,-0.679766023039436,-0.0637814315388272,0.815499737233852,0.0468972697736198,0.562891023514905,-0.202014040016047,0.499696407457579,0.26046071223627,0.0260695864958705
0.641363393364236,0.730226245930775,0.541562147108655,0.61200936071768,0.216430562253794,0.459640799490857,0.499282486449433,0.496085167951923,0.444937824633108,0.366297282515376,0.776944821076279,0.830606202821371,0.674119084318109,0.83231263302056,0.696195957776107,0.846348452132367,0.70089073077938,0.766846487463895,0.408704597462847,0.415349984790233,0.529003970254285,0.513141130432856,0.259483414962466,0.396552325089682,0.594392418229186,0.726200947943372,-0.175896999712403,-0.153094469016982,-0.0803182386588631,0.582458467450341,-0.107156446623161,0.109771055416539,-0.150092953873372,-0.453297627686423,-0.279268876770501,0.73640824778117,0.700740026543102,0.822771382678045,0.0976569593019413,0.458108694899025,0.491126189511584,0.483598792432541,0.10595512399,0.20591160794595,0.697849379314999,0.547673086228578,0.587992829007074,0.524167534208961,-0.162195968896373,-0.422709217119347,-0.117343383402538,-0.408096391542461,-0.295088594095592,-0.571222993180444,-0.174760754064203,-0.436112312522381,-0.0400442604112643,-0.39665354593559,0.0787458832715898,-0.288780508913274,0.772244312338422,0.790026801956386,0.572166355445215,0.656415713149148,0.531631394113548,0.450589318640026,0.771006534990321,0.781377156594738,0.0226608778271201,0.0628102232806053,0.88746449846877,1,0.713216722733104,0.550536202761723,0.386340075490333,0.546555108739249,0.300321709907563,0.0760165543669802,0.451780597006565,0.202275077471242,0.216784359594709,-0.0493974813432558,-0.239198177981392,0.169354014605353,0.461714669661548,0.357475295278774,0.268554591342998,0.127255351315055,0.404526957167769,0.310236870395308,0.6285370454572,0.501757584278693,0.152249987524022,0.0976718158839015,-0.50621854236914,-0.536119325736444,-0.00131580064513252,0.0188888639346771,0.634228464567612,0.566421600287153,0.0798000083444674,-0.140432538964406,-0.285060902109018,-0.179767729841044,-0.108173084510593,-0.111341302941115,0.00211203337349223,0.0900409628542164,-0.484895410154216,-0.36598925560924,-0.234568885305406,-0.0323420598926819,-0.301969745082805,-0.0986709529922965,-0.430433399829815,-0.418547925218671,-0.0648127645520134,-0.326355910972856,-0.404306519635982,-0.60465003215772,-0.187508655777346,-0.527380658437495,-0.297777898849684,0.290993239591326,-0.411379964705281,-0.0813866172934687,0.0726702699031671,-0.146978452754308,-0.042945603300628,-0.203538038052069,0.467595775147773,0.208962009400334,-0.0771764553400862,-0.106883826072824,-0.351650830248139,-0.0589286344173016,0.826699830677102,0.672170507783533,0.680153956302477,0.786609347601269,0.602132454892047,0.589206527110908,-0.508346604067891,-0.0667027772028199,-0.0427309798090626,0.019471182997244,0.576851927553468,0.6989789882804,0.0688740362597942,-0.0909764869525589,-0.250177605241669,0.0809410315525246,-0.219055026762371,-0.357000113383854,-0.307801898088607,-0.471297988736861,0.129051745687602,0.546958287918717,0.154120659906276,0.018885270168374,0.501395759951881,0.376226688610658,-0.149108489466117,-0.189567213993692,0.239722968540679,0.229450989741485,-0.0198873743822269,0.146728786125426,0.00815165265464526,-0.0883747027170932,-0.295685482911644,-0.48998248217077,-0.159667405769644,0.158324214760703,-0.178938580694568,-0.419392366071285,-0.442588166402776,-0.165623719816984,0.256979062234438,0.170396144625699,-0.489654704971758,0.00555655920313134,0.868812361682398,0.0941409857451882,0.501751366218528,-0.0662277262018981,0.356957522548104,0.0776327392036771,-0.0891293039241576
0.525773709066142,0.56311175093156,0.493932989875338,0.542315861861886,0.280656363941878,0.445556519580992,0.423370149818096,0.407580231729138,0.414488114521443,0.299083977462472,0.593170058218626,0.621856466791149,0.550258085449507,0.671388463989938,0.546373465502363,0.657122956971435,0.628304383236991,0.647163450583405,0.379816327468776,0.34585346611372,0.491482159906176,0.495988709208359,0.281960100600968,0.322343992360864,0.50534259104988,0.580526853947845,-0.219509248888979,-0.134997265992132,-0.0526104416383121,0.304422748493007,-0.172731858752008,0.137624414461919,-0.155708579707654,-0.444466801800314,-0.216874100472137,0.494336816886678,0.557798288028604,0.615611215564049,0.138450445628742,0.400258347830283,0.480025081336348,0.43135581535107,0.180772362816657,0.25876795740317,0.744288132443781,0.471335919778001,0.618574855160135,0.479122477484825,-0.0592499186689479,-0.328950700046538,-0.0274242444517738,-0.405550288255595,-0.118987049898366,-0.447293345578244,-0.0782333889279077,-0.330481018022262,-0.0649934079341952,-0.426354570887855,0.0194183195221023,-0.32168766460323,0.574402667782631,0.594915479247358,0.483776617943834,0.500323939098544,0.456481071237776,0.374529733646347,0.610677297858456,0.587673986752807,0.062918091300973,0.0332383425140352,0.684198684691405,0.713216722733104,1,0.656887239595054,0.515099979736467,0.568102256578545,0.330783818630886,0.201412636766105,0.604952081887582,0.35413919855749,0.278972135130438,0.0545151139658186,-0.0203361770639225,0.301553844109726,0.492667708017341,0.439496305358137,0.309385776750734,0.190284949729306,0.341480919928932,0.290201162739399,0.615512166749232,0.501549876986896,0.170081234742143,0.0768051930566215,-0.409575274283347,-0.496873856224836,0.074824192654994,-0.00575442701114433,0.598129468231373,0.522224910239161,0.0912798985429259,-0.018261193520088,-0.296993947606235,-0.316277260652891,-0.112890841039891,-0.144967762771733,0.0587047174825053,0.0527228027731971,-0.54770854213554,-0.48001111198841,-0.22479567750723,-0.161525968121368,-0.386619806167581,-0.199072840120553,-0.462868438767428,-0.473550171741236,-0.0229604170007964,-0.233670110202429,-0.307151272330825,-0.515867961023441,-0.237635087473073,-0.54518093513566,-0.153598981902645,0.184073645283913,-0.342525940961528,-0.134283995742943,0.137322931293624,-0.310632554583755,-0.0764366405016093,-0.170003945081764,0.492362871777673,0.347256671238989,0.176047880971544,0.044898627157228,-0.181165637777908,0.0675486640580269,0.678926222603311,0.644857939013461,0.56573040381783,0.544354773493671,0.581612946222791,0.448371846622479,-0.242410856122089,-0.0998822079278924,-0.026395697484976,0.0388836423557202,0.671854763993153,0.652252385975508,0.000990697060068256,-0.119961419407335,-0.14999595919074,0.245212536030078,-0.0702454397157274,-0.151603219565538,-0.350837868013305,-0.485459850838638,0.324693253313443,0.620648565432874,0.34119393820418,0.0657725720666057,0.384235649803449,0.252972964167619,-0.154567926514303,-0.151813992048428,0.131958807362459,0.151876312527265,-0.137316155234515,0.00852220894476101,0.0897640802344446,-0.0234572081450069,-0.234907127266043,-0.490531172441608,-0.185926470469737,0.0560389971679961,-0.00864220071393278,-0.283715410188148,-0.434738274145308,-0.219536271767169,0.0877667893409711,0.282520641394534,-0.514090247389488,-0.13908854950037,0.600926358376521,-0.032234587967686,0.393550955633886,-0.0726960723159465,0.3452328988526,0.0832731540787637,-0.13913406380072
0.182457881980214,0.327869740490775,0.151227008428315,0.260526957031175,0.000904416648217831,0.194527597936489,0.09335353164245,0.155546891155055,0.0583966012777185,0.0491347372756956,0.312282449363144,0.406441845094646,0.27930725097495,0.431108777570925,0.262809299868743,0.429908905152799,0.30755673743825,0.396082953209879,0.193631617144285,0.241015060039316,0.24219547718708,0.273112851937063,-0.0356821030870635,0.110006439767979,0.217406232834907,0.354966825778264,-0.262196260807758,-0.288754960909168,-0.0614841526823041,0.18260864697988,-0.05632595534855,-0.0415197293540999,-0.377835674167524,-0.449952676291839,0.0745675131623452,0.413256579665262,0.365176398494946,0.578382550025259,0.255451295286046,0.264161910577252,0.357482326841258,0.422314632126318,0.291450595629714,0.334860703576244,0.472723251736902,0.412072200099644,0.448883886918606,0.457311091097384,-0.117986109225538,-0.155214362943869,-0.196653337305355,-0.302754851091271,-0.0236294598693076,-0.253678632225062,-0.118155487984093,-0.223054885848092,-0.225120310879914,-0.326194193601075,-0.102194960533204,-0.231401797637226,0.339066485604354,0.386184255107895,0.288222431883804,0.275698225709974,0.350773602824156,0.284743848472414,0.366618000834349,0.409650280995728,-0.210309906363264,-0.141094549700224,0.402529283811827,0.550536202761723,0.656887239595054,1,0.518249165512247,0.607908585693337,0.350416833896166,0.152048871463951,0.467636995642342,0.365892748312432,0.35009857927098,0.148825015303327,0.00842740869866073,0.233753711468652,0.331884961411885,0.3388775372185,0.203601629304904,0.0989287164820184,0.326454299521055,0.213312318284196,0.427494755299204,0.241286984643462,0.0769722811825488,-0.0569338573985984,-0.168402556474856,-0.277096302654338,0.1254002788017,0.013121589834548,0.446042029419911,0.312729714973067,0.146658533154681,0.0508838545347825,-0.0344823315546141,-0.0953267646075643,0.0691150955363455,0.117690615446459,0.0814362181107923,0.0649912930267231,-0.320825119187851,-0.199491487068945,0.0694520092258623,0.145537052771693,-0.132185919547536,-0.0378351593434226,-0.236564191957682,-0.234265136334207,-0.0220286251552237,-0.213072217625113,-0.095024854958827,-0.230979809799335,-0.170223019159787,-0.270859830010049,0.00274927668158548,0.154923987616798,-0.0842200963326854,0.0179298340500631,0.0719976394312307,-0.0164865920375518,-0.0423450611430783,-0.00382167841554163,0.417868742340681,0.284212330721477,0.33423155893535,0.20926178469805,-0.083106877582172,0.106211361074822,0.401504924324561,0.587335620298038,0.406776788899029,0.389386586606086,0.393184212239162,0.319235431681739,-0.0858552014444999,0.113698971006194,-0.0644879382813349,-0.0174858124046778,0.401653092701493,0.54549253434872,0.0101375915351608,-0.0183713020698145,-0.0640538535015611,0.120686244808402,0.132030141358284,-0.113091370086377,-0.231032094872074,-0.314026314976973,0.333622617275928,0.66720463821028,0.347230697416142,0.314705247396801,0.295533448963681,0.218765414564005,-0.0326220955844939,-0.0993255411418411,0.072483880203171,0.109393242193718,-0.0230610875421202,0.0728336722301703,0.166989274596146,0.0946597708778794,-0.00778140910416748,-0.298287926524167,-0.0160621307213189,0.018097889180671,0.2608404650611,-0.0980968362611806,-0.239183981159213,-0.0957621612904632,0.00241105910479026,0.486729788397399,-0.268433573611575,0.118336778691234,0.473336269095935,0.0320288244896635,0.280782648871431,0.0474651571323996,0.245419035479986,-0.16427516974666,-0.121280009915548
0.195421335181732,0.2341619575004,0.303378011951403,0.377812338169827,0.192843532614073,0.37280279113251,0.177080547839988,0.133887961535233,0.127689725116204,0.148218571920104,0.272586853374692,0.374109432240712,0.2950471855192,0.440108952069459,0.270832319682547,0.441511881750726,0.434687894750136,0.426709144621395,0.416884736895214,0.373534353610149,0.503708535735651,0.508771082781896,0.0395622492222349,0.0140737053128882,0.173665636138383,0.231423954793199,-0.185052736040504,-0.281779443350315,0.120037484390834,0.0248488534075677,-0.0673179694556766,-0.0072476290371769,-0.163471255308714,-0.363318657230462,0.0655140831431002,0.198793813845613,0.344692468138083,0.394103268295903,0.138932805964335,0.291320025729358,0.472012191845345,0.428215422463754,0.35363452419081,0.350838666371261,0.526778833470021,0.313439568737668,0.52044104080519,0.446783240506991,-0.0449352593748778,-0.195297497902005,-0.164596651802161,-0.362174905988931,0.103366984450823,-0.268035357391477,0.00761204049918257,-0.244534252999754,-0.117835572131293,-0.348861960633394,-0.0605096426585785,-0.330452853510342,0.367614807402552,0.354951217201531,0.409056293732608,0.471284171044692,0.369711840973412,0.360482694558493,0.235355814725487,0.241604453724153,0.0598136094559118,0.0132556121554585,0.345769705751948,0.386340075490333,0.515099979736467,0.518249165512247,1,0.468864945271438,0.178942596851476,0.214965857709028,0.30507363308839,0.227490072797384,0.180440489439107,0.11159525221896,0.00820485599754688,0.0584802169603306,0.290548737863129,0.345156312741719,0.216690849414322,0.143956614361984,0.212941249680153,0.201584421170217,0.359975154031316,0.343831740967895,0.0962157124136294,0.110817268398729,-0.216159450555062,-0.260502284713306,0.0722062903720714,0.051130564658157,0.315794521245871,0.353298892254419,0.175674168024392,0.0517132255716507,0.0388804179820458,-0.03960975607338,0.00962118055447524,-0.0434265846406813,0.163022351627646,0.0926825438781677,-0.270604720091878,-0.158513893506833,-0.0211988984252098,0.065427401436589,-0.12335689012329,-0.0355198385978366,-0.20948249879509,-0.224627110347681,0.0273581029164344,-0.0709331365105595,-0.18520591729298,-0.229984502674493,-0.0955164534339157,-0.251242972692796,-0.00972982863379438,0.136829628297348,-0.236084760521016,-0.091630313673093,0.289075163649012,0.0113807485479031,0.165594185338664,0.0518520309205656,0.329467988882633,0.280270103252366,0.175258784972187,0.0711723943925218,-0.179818884527434,-0.0500684039623801,0.311960071250006,0.420616920465427,0.344730671075643,0.328652291880231,0.603758419994969,0.343876802512852,-0.0584785111911874,-0.0553973174140049,0.0158268016137248,-0.0303085648281549,0.354904917179945,0.318847436754874,0.0335688828862386,-0.13553924007037,-0.0504054100974778,0.0974562737045642,0.0270875784261971,-0.0430294948619618,-0.121157879993624,-0.366023496226454,0.323097436994206,0.393298318383204,0.054572596729225,0.00970483859435026,0.307569715243819,0.318819490373649,-0.0430576441802809,-0.138827161684862,0.0203728133219103,0.0211545829705412,0.0192733842086896,0.0527247062299541,-0.023512179833132,0.0763601871131082,-0.190000850070645,-0.211596534198582,0.125361606723539,0.0732330098437396,0.254030176290953,-0.198637026215948,-0.212946021043975,0.0044675781032672,-0.085925122037284,0.24444102035616,-0.209110096667088,-0.0263758115937727,0.325727697027038,-0.0222505012415011,0.245919716981022,0.0210076177531633,0.295914136273408,-0.0397014651438303,-0.0777654427234696
0.406410609863017,0.434641016184038,0.315869236036363,0.316117475262768,0.118596293528087,0.259391084736036,0.324223475053176,0.231097003399369,0.142816832111232,0.0498858406996627,0.483315942453395,0.562052688236934,0.444442835844993,0.510888580333226,0.497200221594583,0.514153643312639,0.364686573951546,0.410615917472553,0.0722111426052726,0.128051351542628,0.402306762726632,0.48050852877595,0.187002300579008,0.334538454107553,0.408913413512937,0.558407873516948,-0.242707215648131,-0.10767912793219,-0.205685219699093,0.215767910133437,-0.150196656244221,0.188147978477797,-0.105926440839252,-0.315250826410936,-0.068537435063332,0.438650028305847,0.531956124799623,0.644716608102929,0.163931697805898,0.518647134099244,0.331935420213604,0.497366739481635,0.0457647372986222,0.4367192687977,0.642893393579636,0.60840158205388,0.500098856098528,0.589144272252732,0.0547154793045946,-0.0233716237917177,-0.209069810916813,-0.296262614119873,-0.0496779769049939,-0.196758569723812,0.0236508370777881,-0.0674563001795153,-0.0754971453751276,-0.285606408246153,0.0981326341326457,-0.185209042939911,0.382745980335156,0.413234350738601,0.415589732401345,0.507576804840663,0.472912033896281,0.545079822114651,0.426742438191365,0.400012529847793,0.0899291964058044,0.173777132464484,0.513076387669215,0.546555108739249,0.568102256578545,0.607908585693337,0.468864945271438,1,0.170108444723195,-0.0657104056265936,0.181918386386897,-0.0322952731500642,0.0302826231551535,-0.170937279620142,-0.150727970631623,0.162757290601237,0.381352627728488,0.358699377030451,0.0348580031688872,-0.0432883037388718,0.258891395675449,0.146636800455975,0.432229974705706,0.308593498450837,0.0301048344873264,0.032383031257559,-0.293036272719326,-0.386509375921486,0.0170890096389699,-0.00512603494278655,0.353239103092341,0.2997471215936,0.0977352961543853,-0.129545638348324,-0.206098816596203,-0.150758050761392,-0.154706741304627,-0.153720648135052,-0.0265767614527356,-0.0405284016549698,-0.406846839739716,-0.292493290448499,-0.187305714795864,-0.0634065618345531,-0.297011863332031,-0.147800954864306,-0.369542850453605,-0.356795002747023,-0.178299016081347,-0.320065831867805,-0.285213098879272,-0.318994849404999,-0.229738289006666,-0.384208257713309,-0.122376404472624,0.17640826452959,-0.150897043908182,0.0377150791796733,0.104769856078075,-0.153195415390022,-0.0482645973242421,0.010181852399988,0.190461408968018,-0.0117139924076751,-0.0904329717446145,-0.126594458650443,-0.223042671678471,-0.125862123089714,0.460366387555696,0.337818759268644,0.41156742553906,0.400491853564362,0.617708527130957,0.687345897593762,-0.24532411025741,0.14883432797088,0.013822518679889,0.0633379881880446,0.23548238075542,0.369122249955862,0.00218806626280714,-0.120899157294871,0.0212123560285701,0.319579977528892,-0.106805739704396,-0.258640944331872,-0.347481513421794,-0.319620656305511,0.0740964477093816,0.489889178657088,-0.0316164439712879,-0.0498395723098154,0.353407049424811,0.239711648590354,-0.174902668916323,-0.186409421048831,0.0582887501642501,0.027236646245122,-0.141769913318181,0.0106522903007773,0.156826556576467,0.0452477431415325,-0.0262132645120652,-0.334170604078317,-0.0713600579053724,0.0867702690754537,-0.0438982587580852,-0.153446136914314,-0.286028993274072,-0.0718084579397636,-0.0192888240721721,0.539918824559403,-0.373188141201974,-0.00288068316590477,0.518473163995489,-0.0758174852290686,0.398861332342467,-0.0915393923300106,0.40091603256122,0.102437632231085,0.147046315918168
0.274144296583957,0.404857158688028,0.2377555615087,0.336292393825184,-0.0167665547492481,0.166435664113236,0.154221791612687,0.281612707974948,0.0877963763206975,0.204316743268505,0.142613718722897,0.191792088352803,0.117761348463908,0.235758220362966,0.0883533184879951,0.217708691019032,0.213393144161364,0.253633606023632,0.259295976684813,0.31739728416535,0.158259868424826,0.148525409935452,-0.0995021712502146,0.0642023114853354,0.0694079615547231,0.210015688809346,-0.379423566633833,-0.226606834816087,-0.0447749584622871,0.120160136234174,-0.0796685006297197,-0.0948767122752687,-0.421111760971578,-0.328700894570519,-0.0275077889700153,0.274696340319666,-0.00695285093761565,0.185523492517988,0.0274278589884432,0.0109825696881764,-0.0228733540397204,-0.0192081470629933,0.074527646537668,-0.0597437374459086,0.1591601682379,0.209611956363556,0.0908651427201471,0.034816143547984,-0.347819323037168,-0.281181583392283,-0.442235982168907,-0.293225695791567,-0.0904153592917956,-0.321223497009882,-0.399000174833475,-0.351245194795369,-0.416240648381072,-0.341452691372767,-0.232142989783243,-0.126237651703618,0.380400391105454,0.384311230862748,0.230115645111301,0.215115401909063,0.369488883345355,0.205307362944193,0.347399574010911,0.39616570285226,-0.0956080127667133,-0.160674694441739,0.185444631901703,0.300321709907563,0.330783818630886,0.350416833896166,0.178942596851476,0.170108444723195,1,0.56638355587594,0.524574520676197,0.427667310908661,0.423047435550957,0.266152735011164,0.297793567218538,0.509990100467286,0.367258006490009,0.363520612611588,0.524345559603548,0.411275724823496,0.503616922404133,0.475100061658463,0.25239125255151,0.11723292379515,0.18442093895902,0.141755334106215,0.0570793439064676,-0.0289503797741381,0.186062567434452,0.227750295489588,0.298001565449356,0.262531629497129,0.104021885209196,-0.0898828461856656,0.160505306426981,0.124552620106975,0.0943119547160015,0.0514966011852255,0.118597990411932,-8.24732155339369e-05,-0.189290163268162,-0.137709823569102,0.0376348781592788,-0.0268112954671572,-0.0243531955546023,-0.00627821321883686,-0.176602228779446,-0.178618724530636,0.0989231138338999,0.0827126034371017,-0.0852892232867107,-0.178693071489583,-0.144151536871336,-0.203656551181587,0.189087134966899,0.40256497725512,-0.0981097274577645,0.12345885371035,-0.0614306463014072,-0.0826339925151835,-0.0659847872421686,0.045298046442141,0.74154591714021,0.494666548069184,0.371542874851214,0.401049507902492,0.0611428362213109,0.282971906695502,0.27858793253096,0.384937291068833,0.345416134703113,0.386240770556006,0.015953373896401,0.0928264456530569,-0.0245775882989319,0.204803245338261,0.203621171212646,0.188257055980531,0.353953560976377,0.421233006092968,-0.0695015501091607,-0.130469724304463,-0.214738611278697,-0.113982323309334,0.375711179252843,0.15353593823271,-0.143316299669638,-0.271157788873274,0.181002416485274,0.370036912492938,0.341814405861889,0.282327089136363,0.410596185531925,0.392103128152239,0.164637916507352,0.138612367064162,0.133120185474692,0.353057290394465,0.189406067744686,0.269055395804574,0.106426815120935,0.219817266317803,0.315791357970343,-0.212640661098973,-0.0651199913842018,-0.148489629199252,0.0474239272654907,0.166129513994798,-0.0974963854207105,-0.0250333060753089,-0.0374589092370573,0.0820135146728676,-0.127860920332089,0.0546046980064944,0.294124539512481,0.115157485158948,0.0649687312480695,0.0303520811688616,-0.15853677378793,-0.156513016494464,-0.177202798539578
0.00828839164018053,0.0616019729828739,0.116390553578013,0.254695696206099,-0.0355666934243406,0.109177734208269,0.0016994370289164,0.0535521096066965,0.0021100502815676,0.112650520039257,-0.0481031759482942,-0.0294102258261097,-0.0355239111980816,0.106899636586371,-0.067270974507099,0.081067332943061,0.176932015064526,0.158202537986088,0.282055262018255,0.282600816904391,0.107181894311081,0.0849789464225475,-0.229670198069128,-0.322002166304636,-0.188628410314132,-0.155093971384341,-0.08003585452336,-0.318359208686062,0.133031631408799,-0.111717502784908,0.044703622974688,-0.184816539085522,-0.375577929154391,-0.32769641302446,0.0214327073302863,-0.0971355475658978,-0.118906486391381,-0.130847226296359,-0.134535891055527,-0.212087115683919,-0.0887362491163199,-0.17011479497387,-0.00728952004148079,-0.179681432682361,0.00387201325298959,-0.206999682362118,-0.0390144712185657,-0.128270342162374,-0.347921132366132,-0.402819865501527,-0.20017466431765,-0.277554866695594,0.120448271861874,-0.311802319502021,-0.260424729931169,-0.410305936096644,-0.329291698553111,-0.361059769237134,-0.382584004681658,-0.362361801884214,0.193265022312011,0.219959658623094,0.147471761172103,0.0978308489935588,0.14125695405517,0.014487619503336,-0.026306410507877,0.0268182653823096,-0.155236726935391,-0.374787087825246,0.0347461491751141,0.0760165543669802,0.201412636766105,0.152048871463951,0.214965857709028,-0.0657104056265936,0.56638355587594,1,0.547036199779647,0.586641248338689,0.377495493256718,0.305811100136755,0.440425328639496,0.546215954807667,0.131119329473931,0.229493533719083,0.442712719415111,0.501113050734411,0.332180793389826,0.506853491976651,0.167139640749045,0.160817754394199,0.126200149933859,0.091390481233339,-0.0499100317942359,-0.0645075676542821,0.0591083683476847,0.0431068496862988,0.168716775394146,0.157611455840268,-0.091446894070253,0.00687909940344253,0.152879439214289,-0.080716744980009,0.075363737365022,0.0389397935925402,-0.0702565324813453,-0.0554983773034322,-0.131009439554259,-0.155436488468033,-0.0827068419607337,-0.196802787294006,-0.131704896687515,-0.184597836364188,-0.105442276708688,-0.145615328088055,0.183432728137061,0.450365539562513,0.109831882480232,0.151079517765446,0.117898359064532,0.116605352114564,0.417111063093066,0.319052895411821,0.112477223342409,0.135162070181631,0.227382214456636,0.098250973739695,0.0290338013360901,0.219601125280768,0.630113607339102,0.837295309003288,0.48146067829772,0.561506354964342,0.131254135756173,0.326474073202976,0.105031343611811,0.397837566166435,0.155282920179503,0.101022423127714,-0.063132486144714,-0.222720176878878,0.120032165665186,0.24138041416119,0.334116439247314,0.263838159230086,0.378021447779406,0.323399924689639,-0.0880372364901875,-0.151383701193382,-0.253707355915681,-0.172656297473966,0.465062574442702,0.629884087386422,0.0073389506286328,-0.0649399917395006,0.286981672692466,0.175561416715994,0.362569550501787,0.141492592235343,0.243713675787598,0.314916864737462,0.122983325791414,0.0367999148017043,0.0162676739881382,0.248406160647818,0.170946657232301,0.0930512139961236,-0.0933543953337841,0.0677760550170442,0.344410288091948,-0.0606456166660138,0.0429724488127112,-0.212558329460725,0.225346945110132,0.386742369709349,0.0719150650617708,0.210831949682204,-0.276365891354608,0.0227989143076646,-0.0688581646615256,0.0974782502022348,-0.0377657810436423,-0.161432705341854,-0.172422586275945,-0.0694048951314919,-0.279412296995852,-0.244073383307004,-0.411188753378112
0.340398548582986,0.438465944834422,0.39892260152205,0.523975516382621,0.272373877423269,0.415632435733468,0.310396324074531,0.418143420471739,0.344258461943657,0.390022476212916,0.330342509968216,0.3477503600139,0.292818300445258,0.464889725054245,0.277434121640675,0.417822825575496,0.458010563510104,0.501917103176331,0.442620821340396,0.430654816472091,0.310895936484928,0.293804531080233,-0.0395425964418984,-0.0747080115413458,0.143273131898813,0.198319608760106,-0.174036619098168,-0.397669873900062,0.0654642237347141,0.178477067258252,0.00512460997051956,0.0442634592236087,-0.367779835320776,-0.50414385298058,-0.107998812078482,0.342600829977455,0.229705429889186,0.326990697499069,0.0426619905199888,0.154837052773415,0.221238532399795,0.166727859139955,0.160233325318384,0.0728405732498609,0.324200565123898,0.218275906208042,0.289803971117876,0.216646047218203,-0.337061356266273,-0.480233278597867,-0.216338087124894,-0.465729323456053,-0.0165977889013566,-0.524466796944791,-0.316053268731958,-0.541646576473098,-0.310505957013756,-0.490897866642088,-0.267095648486665,-0.393484039973788,0.537567819460046,0.573803227288429,0.370794383423103,0.336962451644447,0.387690699628036,0.155354506433996,0.401066585296282,0.446586429941827,-0.0153688200590695,-0.153746396855904,0.402560412385178,0.451780597006565,0.604952081887582,0.467636995642342,0.30507363308839,0.181918386386897,0.524574520676197,0.547036199779647,1,0.734823788178429,0.657745095930237,0.344220685468989,0.260177333166112,0.511583889361571,0.355685638067635,0.378722995422376,0.549359586485887,0.394294997362177,0.461505401880603,0.476733487715827,0.455513913581619,0.360307309536554,0.19922573887237,0.120924526449141,-0.200973184338925,-0.239589407744032,0.120612528376641,0.133931345563176,0.488283338795022,0.426129918965578,0.0987425328222442,0.0401085356335655,-0.0281773300280201,-0.0949695951765388,0.147455795453117,0.0985766981602717,0.068074320057974,0.0435854439075789,-0.377282811318616,-0.290824149991671,-0.0617783039420721,-0.0505370350379671,-0.187144633514773,-0.123412205415079,-0.290097560132442,-0.340515282402858,0.0740966437391328,0.0760168584217189,-0.175485981048611,-0.285757162902061,-0.206428155680435,-0.266648202910441,0.107241890766888,0.318621514414166,-0.277387577113347,-0.120613544916465,0.0503196298868965,-0.0946624710843214,-0.0592715811913775,-0.0300180770062946,0.807683576057444,0.683591924987202,0.518777930918268,0.399054435975259,0.00184637498053974,0.364760493626706,0.574633292860594,0.702024781600348,0.487232259157573,0.473985390186803,0.214892754774662,0.147355001953481,-0.114110061237409,0.0203123559791999,0.0784977572372866,0.0615832112823506,0.771150109375122,0.683564430849738,-0.186908435695787,-0.279238321563098,-0.369247006652911,-0.154113814917303,0.296069147676903,0.187325160318895,-0.233371849517749,-0.328855593654212,0.368666629926212,0.507091636278865,0.574823043511262,0.327466947970774,0.439409559994263,0.343031638035323,0.0717495553214311,0.0530856935297688,0.250454868530574,0.401324195775194,0.171863088836388,0.210625529851779,0.11742552307032,0.110244498542419,-0.0905981308232311,-0.460668595486671,-0.116037727667924,-0.284171568290184,0.0341779092513433,-0.107699401205614,-0.337226294456351,-0.13021550116886,-0.173422722389482,0.0146742045548385,-0.335684959332651,0.0756499528955999,0.343898456113302,-0.0688911088451374,0.259954497634144,-0.0422954393821063,0.0580959494949468,-0.163116572150252,-0.248710494078006
-0.0407821692586901,0.0910124705536086,0.0261992708790349,0.170922088898603,0.0205843795391875,0.104819544931155,-0.0685132014128707,0.105690228885578,-0.00373254043535754,0.116886304934171,-0.0185828905392895,0.0488704434252617,-0.0648342040066707,0.10837862160988,-0.0637613376609012,0.117657644152097,0.095481099224537,0.177812735348662,0.113740125432901,0.14202943659377,-0.0455746232302737,-0.0483629744645395,-0.241050065034425,-0.334775503902935,-0.134020485485349,-0.108851224946927,-0.0428448555556551,-0.292632441770037,0.0872811042557754,0.0411354899859766,0.114365071062418,-0.0322511353955913,-0.377190837590915,-0.314204038195711,0.0553120006872387,0.0548260780595671,-0.0368534309379122,0.0571143485701741,0.0143976716318989,-0.0473333219570152,0.0259043602190894,-0.0118608686773872,0.0501871014958997,0.004298854192392,0.00202271474452754,-0.075139541552366,0.0140908172993995,-0.0552652306114558,-0.244211159115503,-0.319671784037956,-0.126868859077292,-0.226792971341233,0.142340742934525,-0.25677975265716,-0.158801264612487,-0.381971504036903,-0.261987762865155,-0.267740523948365,-0.280278206847181,-0.25898948295688,0.169938712714393,0.205479973205563,-0.00334461058416137,0.0324679404743133,0.0829085842959972,-0.0401816205318876,0.0124228397242712,0.0769756437201394,-0.223424407407057,-0.299851307291137,0.0805813804807193,0.202275077471242,0.35413919855749,0.365892748312432,0.227490072797384,-0.0322952731500642,0.427667310908661,0.586641248338689,0.734823788178429,1,0.52754552682312,0.573541966642164,0.337229283065728,0.389052569959182,0.146809791513216,0.239351257264975,0.443470200342622,0.455225947022526,0.305096831940831,0.434830564062406,0.186213854376205,0.120902753093899,0.197133256076423,0.0107891103467913,0.027986693216357,-0.0062871163021845,0.138024544389314,0.037653008397118,0.250720318199196,0.148075641271698,0.0622545354626476,0.165188492740767,0.15180465267154,0.0540869359946932,0.220208252328968,0.26041443041834,0.108540196505165,0.104495744780225,-0.0732675003028999,-0.0244676060304707,0.128055416073454,0.0794820582016277,0.0492152371459065,0.0464769380980006,0.00180134427161907,-0.091808070915184,0.0566822280589202,0.173500177771148,0.0340493158590153,-0.00216489332018929,-0.100013866365093,0.0532836937439622,0.144518613034843,0.0926742580741902,-0.0473919855055905,-0.136831104514074,0.0103931098856186,0.014744297476674,-0.0966131069807404,-0.0155224809758888,0.680000819534225,0.814864107325625,0.604830635446928,0.580366434552532,0.164950136013564,0.377978120953847,0.205337948174386,0.738560693485624,0.0731750501841494,0.129508281533893,-0.0735102388167941,-0.151160079606203,0.15824677741695,0.142975065173306,0.10903897867469,0.0684109607161946,0.550649608690551,0.654618953120937,-0.20446919045845,-0.0694085541060998,-0.251269364822143,-0.196735751457563,0.487831608743635,0.444566034807014,-0.123506560771431,-0.082246445577241,0.47321427731159,0.340539031111205,0.516254619415384,0.450058504968755,0.216386988089343,0.28350969078092,0.0781525280477034,0.0775217568358913,0.141901248451675,0.371652214189537,0.152240670915847,0.128720747547128,0.0682194298202629,0.0728277770979093,0.0977290270584057,-0.225436466220315,-0.061962627207651,-0.271983120009996,0.260585816992987,0.166931932024765,-0.115675672239349,-0.0157708732960329,-0.22223769266247,0.0529237929792659,-0.0385687600650688,0.118894138314476,0.0657943666071754,-0.0855914207300175,-0.0124566556295988,0.0569757495211658,-0.0922640059097559,-0.305495297385225,-0.220615120393223
-0.0389572175965062,0.122395498150435,-0.032118154599327,0.112252873373303,-0.0244186650303033,0.0279423138275219,-0.0393349761378973,0.154183540983166,0.0176210487949075,0.143355366277216,-0.00345933823772659,0.0898006834484372,-0.0343334655491271,0.168950598226863,-0.0789523273453962,0.137849032596642,0.0623395100353849,0.141601401361861,0.202682430263999,0.263679932693558,-0.0515625145904554,-0.0839542480697969,-0.39195911816025,-0.284103716281227,-0.190844616102296,-0.0758191129985207,-0.31427335030332,-0.505284202643003,0.0206611722621064,0.0693713226582243,0.116488436075546,-0.180197509033947,-0.510989780564636,-0.374767428843895,0.0679687406326841,0.231905698350286,-0.0557462622014085,0.119745420099465,-0.00528468892121705,-0.101156197840854,0.0997947753473533,-0.00267374311206456,0.136166829109264,-0.0718248409203346,-0.0439467567892705,0.0774237070769787,0.0494914795889341,-0.0212981425126164,-0.314887542928517,-0.194605839944358,-0.305863992326459,-0.23843608626398,0.0738368893872041,-0.233406555997346,-0.361595310916545,-0.310155479521712,-0.406635933326024,-0.272068458279212,-0.337127488916444,-0.15598385207599,0.19010538114384,0.241651304833469,0.0225067302779846,0.0506061446219789,0.138747478566908,-0.0494635073731106,0.120977731949702,0.213231783356376,-0.237411306702837,-0.341985092589052,0.0352132830997735,0.216784359594709,0.278972135130438,0.35009857927098,0.180440489439107,0.0302826231551535,0.423047435550957,0.377495493256718,0.657745095930237,0.52754552682312,1,0.359117181055711,0.25622144258032,0.363159011617941,0.0695558734943802,0.0367511672442625,0.34765788370951,0.181178326465408,0.329547196734703,0.261749813080978,0.127984628918883,-0.00407432852783053,0.037066996350355,0.161069297629608,0.117031063620353,0.12265735311954,0.312825960321082,0.378498475606571,0.27052592860482,0.162466676324435,0.273262887507918,0.195465169929402,0.28184528238994,0.274500503611916,0.434558257763807,0.344554032929012,0.128048190458701,0.0742705762414291,0.0670469134456614,0.118504763999959,0.245102409060142,0.16020240313933,0.257601615298524,0.221988714100935,0.158053370519092,0.112718168880109,0.124175679563788,-0.00468848668312867,0.012026776394772,-0.0463604781984743,-0.0135825834858111,0.0184432652410631,0.119289361612163,0.190367358050669,0.0369822226742261,0.0571783195990624,-0.0649785718516378,0.179478225145592,0.0701490951219289,0.128078837064228,0.601505878331726,0.504944001601622,0.627523549581048,0.454348932957274,0.199892565693036,0.384220440959843,0.131235824743299,0.457248733275952,0.244219389671632,0.259432629794721,-0.071404143014098,0.0046263912272435,0.0176705694717237,0.0979720389163636,-0.0702497623543867,-0.0787089748497201,0.29733145048442,0.396891686570884,0.0242321350499108,-0.174263105270794,-0.189730838477903,-0.356239419918979,0.277485086221309,0.178792424707149,0.00629912255282002,-0.230852222524047,0.380871995511152,0.327379911432095,0.665327237953171,0.371023433681239,0.267524566919022,0.283186022145969,0.462159928979093,0.171405709535266,0.260393246201624,0.201796010018621,0.27067219363346,0.264667016080144,0.209326753268347,0.218071509694209,0.144325774714658,-0.159936056484316,0.201949572949788,-0.0972727442206843,0.228020633536838,0.0321049952183063,-0.0509029591962756,-0.0424658100124694,-0.231405794927743,-0.0599550924317023,0.130453085384317,0.145212567856084,0.140675588646018,0.0583285110416321,0.089560583365719,0.301980077993557,-0.162275304979387,-0.31122617176664,-0.258388360594829
-0.220062186877938,-0.0255730359229421,-0.191428249800286,-0.0728237928149716,-0.116087457254167,-0.0835660084088837,-0.160569163268786,0.0257831201064879,-0.193885231287048,0.00414116262954403,-0.189767586975682,-0.124436166849944,-0.264778791550132,-0.13580641447103,-0.232381911772786,-0.122525422062194,-0.177786976006948,-0.0377807896063834,0.017588635770352,0.106194238916651,-0.229402083321966,-0.217009379326606,-0.416737270084431,-0.409460431458242,-0.316284359427298,-0.228510837795759,-0.0954437096274966,-0.33794083420839,0.0105717370807645,-0.0634763936055378,0.240137234299372,-0.100982308791045,-0.421253457991478,-0.240608204353201,0.215132603940838,-0.0497472872033925,-0.192615454128022,-0.0950570325400881,-0.0380914936262187,-0.169388638459165,-0.124304448015258,-0.0494368708930438,0.149111225957769,0.0252381109300156,-0.228876268607021,-0.159830306434853,-0.101064585499469,-0.132396019544795,-0.252439437571451,-0.100148198244395,-0.185088329304638,-0.136479175847201,0.164149601856142,-0.0718380647043873,-0.224007274228449,-0.150632939779508,-0.339878617774263,-0.172283584811055,-0.374523146730859,-0.13813648960415,-0.080872050954969,-0.0190028768145242,-0.186193708874573,-0.153494587074185,-0.0170216416944431,-0.13526100159995,-0.142131173922429,-0.0420294656238879,-0.311911589101362,-0.298667242375144,-0.179101263375453,-0.0493974813432558,0.0545151139658186,0.148825015303327,0.11159525221896,-0.170937279620142,0.266152735011164,0.305811100136755,0.344220685468989,0.573541966642164,0.359117181055711,1,0.28771968845759,0.279811411102104,0.0557265634310696,0.106639423767615,0.348758044835629,0.341411265790827,0.185560054671676,0.252429659854383,-0.00311144695319851,-0.0926416203504185,0.200625837975032,0.1246049844361,0.210038660286984,0.186812957367516,0.188369477500891,0.286503428974737,0.0845804768707072,-0.00660436468212104,0.106331295222512,0.187192532397225,0.268895313877873,0.20190352454246,0.345576601171465,0.445784336383971,0.203288121523939,0.118985788269323,0.173477923536663,0.214628844537667,0.336340595564582,0.301740958870565,0.305223992286206,0.224565138537339,0.200083972413798,0.137166325845987,0.133408257066778,0.170514458803581,0.00253979457292669,0.108476252714582,0.0208033302651551,0.103373429675069,0.132555639831271,0.0506087933984932,-0.0387818809751996,-0.228214956726712,-0.08447761943933,0.0238993519301961,-0.0306773975678519,0.0381157849811406,0.332623522770624,0.456898621542155,0.432892099959064,0.509469879434438,0.193963004888202,0.269406813049112,-0.0452335824376784,0.303828796299343,-0.101357964169139,0.0019843417092419,-0.319986376950806,-0.234980460522859,0.196813687650304,0.129997737484784,0.0705449185137536,-0.047195195381796,0.136793283075762,0.18184124962166,-0.199120840027339,-0.0585478163668942,-0.159897492024982,-0.183059612619565,0.309661009999922,0.292788817532868,-0.0473048160721211,-0.0106432539746781,0.371434922182804,0.0540160672599749,0.354764144492567,0.61336994916125,0.0822272714563642,0.115980237763541,0.195032576037711,0.353221174097566,0.106416421924883,0.321294519231344,0.168903745265827,0.132996525649886,0.116966142461242,0.239417119723054,0.110387957090465,-0.0755644029252725,0.0585280928935827,-0.314798039920055,0.374139243543709,0.0822894856812102,-0.0689869170133358,-0.0870621877639157,-0.195661811307002,-0.0263155664650116,0.165116296409904,0.0624357554789185,-0.0682622199104186,0.121470148986306,-0.11919957370102,0.157412243040718,-0.169567654960502,-0.344688486678826,-0.112772452761358
-0.158495826020416,-0.0722126408551805,-0.129117660377026,-0.0298995456978227,-0.198887652708953,-0.174403262998257,-0.171428482862156,-0.108076083077646,-0.192316934031987,-0.04570821885131,-0.24030499713079,-0.332060799598227,-0.274360373079928,-0.240334532163155,-0.263983939993678,-0.255581381212196,-0.211856068198221,-0.140184559325617,-0.156429169104265,-0.0622770461015232,-0.262716252836065,-0.2724410532334,-0.320777793395995,-0.330560424728127,-0.367350302631974,-0.306819239529641,-0.205300355544064,-0.277195821567525,0.0655258388054094,-0.252323415771406,0.0841895862162888,-0.0372942653947527,-0.206409192946835,-0.0252965427051198,0.0720237687476237,-0.21277991251953,-0.291947855321612,-0.271430382935,-0.0199232286904749,-0.245373775807449,-0.166854632687724,-0.26236748242356,-0.0521076186145668,-0.0354371862783328,-0.248951941835224,-0.286060584653824,-0.28640019825987,-0.341069148575371,-0.186142214093739,0.0253199288051167,-0.26469164331669,-0.0867654700116194,0.291058162362792,0.0186003302488863,-0.161261342175248,0.000121102005026382,-0.293059232176425,-0.148953570580014,-0.355017238936561,-0.0982118944146562,-0.118243795811231,-0.0849357501057336,-0.158477377357987,-0.17541306134822,-0.119910404082423,-0.191944360163757,-0.176036768089435,-0.112551533695136,-0.0466590535205085,-0.174410143967121,-0.258650060356959,-0.239198177981392,-0.0203361770639225,0.00842740869866073,0.00820485599754688,-0.150727970631623,0.297793567218538,0.440425328639496,0.260177333166112,0.337229283065728,0.25622144258032,0.28771968845759,1,0.609843175539612,-0.137206173908315,0.0186705053101081,0.156437465965982,0.131094088839311,0.0282013045204727,0.0364701040281131,-0.123355783530715,-0.155555864028277,0.118108410837691,0.0490575274076381,0.327337135114324,0.288970347510656,0.144626281417885,0.0424639256738092,-0.0481349009813048,-0.130974198143077,0.00839136576905193,0.0777717829938165,0.193255106751032,0.0267895588073177,0.238709304223129,0.209229364949836,0.00902895399453522,-0.0747938214746229,0.0608978958298967,0.0996481899643638,0.148022867322888,-0.0166358883898887,0.126062918177061,0.0356944001809365,0.0832144635780945,0.0118417265190114,0.0112503610323561,0.453421351255852,0.151475521588798,0.337490203880554,-0.0185858528721135,0.244140370262529,0.27016164343135,0.227966818119662,0.161991268802867,0.0937534621983807,0.149907221860024,0.238312191948312,-0.0302025267850613,0.182528614479026,0.244739250098499,0.453067593596878,0.473821529392781,0.551331655182528,0.240390193743,0.390089196759555,-0.140330992492216,0.0622737707147687,-0.131086768861119,-0.122865451139629,-0.285308021861888,-0.32526641822537,0.468037112889467,0.203044057107585,0.462325705226217,0.466743201522657,0.140904498673837,0.0151252869543044,-0.170883465369852,-0.251838696866001,-0.0797895861885911,-0.095481056850049,0.326207031551187,0.545767583683755,-0.0818726983387907,0.0613788914184751,0.27645793416198,0.0589959552066363,0.302292159918947,0.107579753647234,-0.121307512139859,0.0758650173672937,0.105894717749328,0.062529563003971,-0.0135044694475044,0.0108485832370214,0.109791969759706,-0.0361871980602971,0.0227995825675503,0.052705828491496,0.322101304889246,0.278476105657698,0.0197160048653141,-0.340030883700674,0.153018304840981,0.421365368433843,0.314978717673518,0.0706400048604232,-0.394511057965946,0.0773066579835167,0.177651797956679,0.102251898664532,-0.241064306132128,-0.0665662434332411,-0.18407362422194,-0.0576640819411421,-0.320109583800675,-0.0980591803408163,-0.196695278539171
0.269625185207941,0.357039288039507,0.2233870416689,0.340825450252335,-0.0152043102059734,0.147017427175221,0.237065837320244,0.254414198354732,0.113846475703619,0.189329427067089,0.145117378529474,0.085441156248039,0.0771576426694891,0.163274297879083,0.114524880540522,0.126011937058747,0.160153321845504,0.217922243664627,0.152150516525176,0.188406213262865,0.0673699601385695,0.0776874290479218,-0.123818899791678,-0.0362954810835153,-0.0213802838633556,0.131337673724069,-0.384509627530214,-0.356384213949275,-0.0460069724916181,0.0152565164140801,0.0404735896426625,0.043343396840894,-0.343355571837071,-0.343432297765934,-0.0540984333109132,0.173835340289266,0.0143966914757396,0.0746875851964162,0.0180244469595617,0.0276361680210347,-0.0139393592753037,-0.0289107965768554,-0.0405763608505311,0.00240991742859176,0.144587833643347,0.0300001872431792,0.0750064811420817,-0.056179593275092,-0.366631078896638,-0.321011113556244,-0.421141690257785,-0.366340357885247,0.0436575273351471,-0.361151640467146,-0.399500993383143,-0.307982724816835,-0.410789622065004,-0.437654273682324,-0.376476699735632,-0.289252348639823,0.263479377815193,0.340256256154109,0.204057784945379,0.213110094658202,0.305050703506268,0.147020691694028,0.261907793138433,0.328944638308294,0.0126640801984056,-0.105120400209373,0.126400549354737,0.169354014605353,0.301553844109726,0.233753711468652,0.0584802169603306,0.162757290601237,0.509990100467286,0.546215954807667,0.511583889361571,0.389052569959182,0.363159011617941,0.279811411102104,0.609843175539612,1,0.269576064598204,0.340508545693855,0.32322042578742,0.278493129548326,0.285049698660018,0.360008053067282,0.266715445890127,0.227584360672474,0.191316900821254,0.233144444930726,-0.0482299041956312,-0.0883470094223645,0.126439999715303,0.126135555911452,0.308576001724661,0.249717949890404,0.0560499556706298,-0.0317723803555119,0.0364702225355009,-0.0676748742696176,0.131275954762229,0.065851236833841,-0.0297057242203318,0.017509400004824,-0.268455090177859,-0.225861796156741,-0.0825952395948527,-0.102290141445194,-0.0990495692442671,-0.0903573103921873,-0.270528316766403,-0.316152284783777,0.0827459773702861,0.317056040916923,-0.127404119005153,-0.0182991377751273,-0.171409633927226,-0.120452705930111,0.273548760337252,0.392390274312788,-0.09076287900561,0.0751235124533293,0.0245799557762745,-0.0312088292534431,-0.0996434179207284,0.0650192759843441,0.457853674175704,0.525700766822576,0.360781818702742,0.555088922898739,0.000437570006881741,0.398471301579454,0.260564898846286,0.301547083929831,0.271675053015468,0.321473686947023,-0.00745059743039067,0.0130983788082215,0.0597511976740072,0.251420592171025,0.365322006450823,0.375388217680948,0.369367522092364,0.256786039875499,-0.259796482905238,-0.317696315138284,-0.300302969613342,-0.0217505185105673,0.243275695592086,0.340497814162149,-0.280033875356444,-0.196974010189964,0.241723749212712,0.338686775618474,0.308226661554442,0.192290428854182,0.23865183791809,0.262230057585202,0.071726951803608,0.0905169227717101,0.0861396271732644,0.276261860432668,0.0602715748740643,0.0499394000580451,0.0310901090849277,0.125011956256761,0.204662068793281,-0.173614361827023,-0.129032145117147,-0.468363238148691,-0.0765778287807328,0.152073044711256,-0.0492212792085489,-0.0636274115950282,-0.233817778843003,0.0877934912526296,-0.183255159948396,0.051113521477442,0.155430285457375,-0.0549674360739021,0.124172158300929,-0.0898582748562986,-0.106694240812375,-0.0719478040151953,-0.212960892341374
0.652885903433203,0.581987226955241,0.669337624509564,0.596903520235274,0.392172033755143,0.548359935772639,0.660484218908064,0.523298365575406,0.559497966056931,0.451160188881252,0.598418650746993,0.561464327497975,0.641347764977051,0.564785407592961,0.63797633532091,0.55515418563303,0.646979040595477,0.577332515470697,0.447289144400554,0.41436236886119,0.621880034397416,0.620963407110731,0.384290044363764,0.42040557313648,0.543311611833578,0.590712615334688,-0.258008042347946,-0.0847281057795761,-0.153734023036276,0.299062901807976,-0.28282588012642,0.288950133323569,-0.000789776332149888,-0.477945645396164,-0.245473734607987,0.439878608837854,0.535373128708685,0.526671589642627,0.141536073475596,0.539178486881981,0.353600588560062,0.486059405636959,0.138967040287476,0.362701070813194,0.615062257387745,0.486392901067397,0.535336453690451,0.499332692681645,-0.160609737689089,-0.501438951345707,-0.124751077603503,-0.603375782498899,-0.127773321747483,-0.608188447528252,-0.144005294969813,-0.431960720470695,-0.133526197959403,-0.522634736787934,-0.017611276349215,-0.392910555147077,0.56381933335228,0.564164733016664,0.574876142773137,0.563243324576913,0.662930707635049,0.648412952240386,0.608610410272575,0.55198621272856,0.238470649896489,0.24229736692937,0.576222292798283,0.461714669661548,0.492667708017341,0.331884961411885,0.290548737863129,0.381352627728488,0.367258006490009,0.131119329473931,0.355685638067635,0.146809791513216,0.0695558734943802,0.0557265634310696,-0.137206173908315,0.269576064598204,1,0.843685074266296,0.403351159631219,0.304817105826242,0.417760125760026,0.433395918651671,0.667951019566237,0.6964389881044,0.309024848652953,0.178160676878078,-0.54848609253491,-0.609921772728023,0.110047175132827,0.0928661083027697,0.651034984005855,0.685949200793336,-0.0299455092097003,-0.0901633422066857,-0.249747929196752,-0.158630251406311,-0.143141650688486,-0.126088855289164,0.0508769897166643,0.123551679672917,-0.708138682829005,-0.643959101480967,-0.326320083114611,-0.0682493976087675,-0.54251632059624,-0.392210545669215,-0.714460770203544,-0.684256881903174,0.134140556538317,-0.0714166777650025,-0.483584293944426,-0.518294671922377,-0.401091813499441,-0.584410039110981,-0.0710024928224567,0.265579786401005,-0.567623681609777,-0.201039238966368,-0.0424083429287914,-0.468353373220665,-0.187598094441733,-0.211070294716516,0.438854584015357,0.111005738827923,-0.130565576669659,-0.0831148602743012,-0.382846856215121,-0.0883277951164342,0.573194388989555,0.321698967362509,0.566498545300381,0.51924649447232,0.432118912967305,0.465281248246165,-0.452059929458484,-0.173426466583846,0.263648032968142,0.197409095677244,0.452309148616619,0.340704340157758,-0.291632618147076,-0.216102946971043,-0.176559307070617,0.212190427304782,-0.162415863544829,-0.282925772093278,-0.466345223336883,-0.339590213084909,0.0454478792898633,0.481549106928535,-0.0212993703909364,0.0797574254906189,0.684870882479064,0.400227231709777,0.0295249929358953,-0.0178454970390518,0.177331206194013,0.32867641624428,0.0662069069840775,0.353161070851212,0.222462958154156,0.22900074363048,-0.296682794584358,-0.651044877495323,-0.404831812166021,-0.204495563602776,-0.350896773579851,-0.355097421093119,-0.576730007808075,-0.358059394702163,0.1472236115881,0.0900013630119902,-0.638732388201751,-0.209675905611799,0.498752827584387,0.0302689228548467,0.432098618101417,-0.199979815027546,0.474068382423833,0.241577707588689,0.191644378339475
0.503192838211145,0.433116932888532,0.552423143819695,0.522583665762857,0.350912243980369,0.489522986493486,0.507354255715643,0.362770978987715,0.403854189448302,0.334470012234362,0.467431621172648,0.418473240059348,0.508691893156937,0.439390759578484,0.501079191118782,0.431067523074858,0.538425791305443,0.48193988653123,0.343429495123767,0.298550571091393,0.537440406455074,0.506144429364603,0.330982646195525,0.273170203635889,0.430174513536647,0.435612687294829,-0.116516272268497,-0.110306170610605,-0.0754560099990529,0.11526436640518,-0.181046179410839,0.247102420258977,-0.000624817692007191,-0.447370513202103,-0.218189854646827,0.247802760494449,0.387943783291494,0.390720965566347,0.0927806789041566,0.44518299273591,0.26639073047942,0.373250708118735,0.1108952185715,0.368199789459768,0.532921554261469,0.351939702402985,0.413935806185003,0.399326061505179,-0.147031749281973,-0.451019607847572,-0.110468638459597,-0.564374109661411,-0.0276504999614423,-0.510136696370825,-0.0951198157584137,-0.416494849222946,-0.133480804473889,-0.51111682706298,-0.0732724850012403,-0.397738101408267,0.462550102290631,0.459744736198319,0.505395902830056,0.483933070375207,0.559238590517345,0.553504561528126,0.441696729324907,0.395303572421803,0.221378612309927,0.201232625307122,0.443083016111602,0.357475295278774,0.439496305358137,0.3388775372185,0.345156312741719,0.358699377030451,0.363520612611588,0.229493533719083,0.378722995422376,0.239351257264975,0.0367511672442625,0.106639423767615,0.0186705053101081,0.340508545693855,0.843685074266296,1,0.45869493488705,0.311728053560623,0.389689060394407,0.441415999904887,0.53754297307906,0.593697268363065,0.268073853867197,0.180857016319068,-0.469702637486996,-0.54182385872147,0.084397851866779,0.0849772243726626,0.511390584979992,0.573888823152633,-0.0732826023192499,-0.0387054245489265,-0.157357524342911,-0.182797012502436,-0.133779277123712,-0.1351781730657,0.0975603140373791,0.12665489726324,-0.659495440295685,-0.628102750283164,-0.254469663671504,-0.13627675876619,-0.509986855554122,-0.390596616041506,-0.697905562775839,-0.695630379040647,0.181841913417936,0.0215973956672393,-0.39086871201405,-0.374583115720043,-0.331694531548443,-0.497486491948893,0.0541375691178294,0.215274089601995,-0.478884767611725,-0.210777873027395,-0.0100743764271761,-0.449299092294632,-0.263352564462784,-0.188037608982858,0.413377356709759,0.211196420774899,-0.0412303359301766,0.0668171908527044,-0.342565251090705,0.0477238646741641,0.479104736023075,0.307266626899914,0.452323438293367,0.386723421391783,0.389874369967437,0.319623948183393,-0.239395586581062,-0.0516723171198073,0.319938506023762,0.250947011842335,0.481655537321825,0.339590930355484,-0.428279557001519,-0.206067596030533,-0.171030087903737,0.244232269110074,-0.0375170085349973,-0.113239481373554,-0.450766470577723,-0.346713582370497,0.117767893668349,0.472608276684157,0.041075996514061,0.0901090824504338,0.521657306369016,0.347534624039374,-0.0536127024520668,0.0149921252781786,0.19479170529123,0.328427863787739,0.182354290083954,0.320087905101791,0.168451669437542,0.322358631797341,-0.199968171491226,-0.576146449439271,-0.456163222903186,-0.316179559656011,-0.242103218289212,-0.218028855678038,-0.466403735457727,-0.27719886756927,0.0587820738523651,0.178922981219036,-0.610791282661114,-0.124670388294121,0.340564411180033,-0.0207293056385558,0.277897063752423,-0.27112924737334,0.359671660861417,0.172627917661106,0.148643117303526
0.287565558475533,0.375631377956611,0.304721178726796,0.359461160274871,0.170204969512916,0.256592907293691,0.252982974446626,0.27603483445578,0.222811681752037,0.258367781235698,0.258881129322284,0.274161154056247,0.244475460585718,0.309149272902868,0.203206770359508,0.294977861297592,0.327891868442203,0.306487174006885,0.298199325449081,0.342239820620849,0.227997228302007,0.219360809538436,-0.0924163074448438,-0.0386818250565075,0.0479352200191689,0.211007855994713,-0.223212893513498,-0.216023498818788,-0.0723948593109294,0.170214484043886,-0.0137950195264269,0.0946157562891157,-0.258995113714111,-0.366822750227671,-0.160345302288798,0.300419313687278,0.141150666665063,0.268697031172115,-0.0285190130366449,0.21602515341168,0.078256440868721,0.162750583125798,0.0202274246670321,0.112341295484911,0.182500831583737,0.172566645309791,0.176778509087934,0.149217239198314,-0.280124249496013,-0.346987749877574,-0.221899788061747,-0.383704705855435,0.0315317090575492,-0.406613282027526,-0.223550059540553,-0.379944961600905,-0.280193143935928,-0.386416915698751,-0.195019230400928,-0.271293422106588,0.380977044114679,0.399334133859239,0.272416568945772,0.269933247280467,0.454568761735094,0.257246303490333,0.321125810954548,0.381795028398559,0.0222798238980898,-0.0111982230554129,0.280393109408147,0.268554591342998,0.309385776750734,0.203601629304904,0.216690849414322,0.0348580031688872,0.524345559603548,0.442712719415111,0.549359586485887,0.443470200342622,0.34765788370951,0.348758044835629,0.156437465965982,0.32322042578742,0.403351159631219,0.45869493488705,1,0.664560522638452,0.742381036726753,0.654532343429681,0.367045867859256,0.342051676711833,0.236707487239763,0.231389748247723,-0.195011228096691,-0.224530902390844,0.219637035492101,0.314165169237861,0.429793498018535,0.465063964954568,0.0737767851176579,0.136136350817786,0.0740840610149919,0.0835865959829045,0.11644360437676,0.118241840210822,0.142906909022612,0.186885221876939,-0.242180931118586,-0.174165795311948,-0.0547905115011784,0.0433874088419062,-0.0832080216786292,-0.00812392827749735,-0.219220132420273,-0.244233819100519,0.0955822154713644,0.0745160229199554,-0.25652052884628,-0.26360235186009,-0.247543445196746,-0.262557783615481,0.162527930149477,0.251527048751986,-0.210459145455743,-0.0377220735975354,0.0389293840150977,-0.162169913981375,-0.0197497975837017,-0.113112669985565,0.565465178143611,0.426691264122755,0.208611905701072,0.285412496117557,-0.0759876107661527,0.0858928105616213,0.332248958338297,0.368540301296169,0.401207819421172,0.417333964329066,0.0546733310407439,0.0293213837235454,-0.109558126394584,0.00638789154263624,0.10742373026637,0.0347152325975835,0.503572687999206,0.420710414961972,-0.160024102396711,-0.200928922031076,-0.182137569253576,-0.111244771602462,0.138034517280926,0.00774554845794277,-0.341392461919583,-0.338100383910464,0.155644817940582,0.315090664644461,0.211971405950639,0.362112476337461,0.394519484751769,0.35656260225637,0.144908808499054,0.309048226348256,0.472033813223878,0.535640578630243,0.138328340707991,0.176270896568132,0.179132477918762,0.341892844570102,0.0469739331063141,-0.319422879494293,-0.0574974498747266,-0.189029803309881,-0.0365152419538197,-0.119133704643543,-0.285963678710972,-0.210998871641796,-0.0280700259693739,-0.0595401492941226,-0.25264720399316,-0.0292783704840155,0.268954322753959,-0.0301986132039603,0.217913289400887,-0.0873647126972426,0.103559966360223,-0.0526238841904223,0.0586256919179337
0.201818897914679,0.230726138201574,0.233490297855861,0.268031031611655,0.0977495055110562,0.204798736965538,0.136013726764871,0.20227095775459,0.120161369445943,0.157212383264469,0.118520139755181,0.137595147375799,0.120416249897512,0.16853614637783,0.0861349523057082,0.164000103899514,0.233163152304459,0.15107462011785,0.217616607242544,0.229210381282115,0.152238595693479,0.15615705047405,-0.119725667445686,-0.102451702252093,-0.0151661126968858,0.0912732303366434,-0.160284003611376,-0.0535222556597082,-0.0374816131047199,0.0223079743541737,-0.0260441837776022,0.0365291869654043,-0.249289247748618,-0.209944839384862,-0.13996096293271,0.0764987534271827,0.0550832638268161,0.104598626650342,-0.0252575004677511,0.0497625276504094,-0.0685464936763117,0.0226154428983985,-0.0468180900783425,-0.0424905484955341,0.135665005495282,0.0842597530983046,0.0752628684538446,0.0567643881779687,-0.176622564363371,-0.266150976524544,-0.0717543921991165,-0.160678726338524,-0.00833786126539405,-0.262822974900519,-0.170143336560868,-0.26247608703335,-0.187546979049252,-0.197144823742955,-0.150408340178491,-0.192621950860681,0.28031629836537,0.284567568031162,0.1254863491924,0.176487234882638,0.350124929370606,0.217849544799208,0.161990236301908,0.20495474929035,-0.0509517729653581,-0.079205046538765,0.158420382647773,0.127255351315055,0.190284949729306,0.0989287164820184,0.143956614361984,-0.0432883037388718,0.411275724823496,0.501113050734411,0.394294997362177,0.455225947022526,0.181178326465408,0.341411265790827,0.131094088839311,0.278493129548326,0.304817105826242,0.311728053560623,0.664560522638452,1,0.523723485031631,0.783679553584578,0.258693725569528,0.226771974583189,0.148102315903351,0.105382261358287,-0.12203759029415,-0.0828059057576115,0.115465237610223,0.144789145600851,0.296026523474707,0.326931298981233,0.0372076627935963,0.0170954005017659,0.0464136256390245,0.0849270495495641,0.1486175828387,0.06202787604645,0.0230247716892741,0.0246515009541957,-0.130518563919378,-0.121016693148873,-0.0432807957429442,-0.00944923814576869,-0.0594761123769922,-0.0550431039986577,-0.157850139883959,-0.144769244918329,0.0108257377606281,0.181372928489585,-0.224790403069017,-0.154110192844694,-0.224247087872402,-0.163413310912398,0.212054876194438,0.222479529086812,-0.13678163523558,-0.160040601390058,-0.0102644446758899,-0.215599503227097,0.0157354510882079,-0.0862058606559305,0.450759471897063,0.495894978748793,0.132462819094865,0.174602656057595,-0.0584204404676153,0.0820435347693328,0.176464552110323,0.310789658653219,0.222480844919225,0.206756545074603,0.0669758410604071,-0.0594125235479974,-0.0432834602041076,0.0677382522314388,0.133311104883098,0.0834089082383955,0.364619523164346,0.363134099760454,-0.0937246738460421,-0.0453001529128564,-0.117124703439727,-0.054412736485958,0.132648089827355,0.162504431471013,-0.219678566684539,-0.186652796125475,0.0394650202132059,0.196928574035867,0.204480686098045,0.201587982906143,0.269843680876392,0.288698001764993,0.105949249251916,0.14748556215475,0.244698868025091,0.557325155546506,0.063364692646797,0.0656028631449691,0.13057736361425,0.20714129581976,0.0892139596616327,-0.264796141167493,0.0551751358108725,-0.155781036959696,0.0421672525733786,0.00833171910026633,-0.263718047688085,-0.110676918784075,0.00377423061071104,-0.0402457682461666,-0.135596367847385,-0.0518568443268942,0.0976513478174572,-0.1476711257564,0.0155381974905459,-0.0405228387482434,-0.0506493304530697,0.00687074700007327,-0.00959488880063448
0.363422346469397,0.445109267627648,0.299588951364861,0.34375661096523,0.102018135642237,0.220000612175864,0.317101161219438,0.340534195659009,0.229818290203896,0.267325914310276,0.412745863720528,0.427704929406355,0.393607532816581,0.416545937048632,0.361915447859211,0.41852060229952,0.363466747134921,0.342978483273946,0.19014388149005,0.300555605923766,0.264218001345468,0.298962263726554,0.0183104282792742,0.17747144267583,0.22552505582265,0.379493513665931,-0.237574521178297,-0.157679077373342,-0.2577822541912,0.359609828283785,-0.160523578149725,0.225234827920507,-0.11636871314118,-0.267499924139545,-0.194216974362469,0.490873207925672,0.292730012196849,0.47001039714969,0.127298592397086,0.443937329806722,0.193716173152586,0.319606832166126,0.0656410773304921,0.236332976080933,0.302807365194678,0.391931079039159,0.217452735534951,0.288655055467047,-0.130268664628958,-0.2234719174423,-0.317133820493455,-0.410111665907741,-0.0201777583360552,-0.358845713577247,-0.106022086416,-0.255120246930767,-0.279182129519771,-0.329050955834579,-0.0836332930007053,-0.205274780296477,0.396731915063021,0.39854732132963,0.36112500494023,0.401909219329182,0.627896535833381,0.451495380596433,0.403242122515528,0.449963063260315,0.12284328904196,0.120112075678703,0.384933059315808,0.404526957167769,0.341480919928932,0.326454299521055,0.212941249680153,0.258891395675449,0.503616922404133,0.332180793389826,0.461505401880603,0.305096831940831,0.329547196734703,0.185560054671676,0.0282013045204727,0.285049698660018,0.417760125760026,0.389689060394407,0.742381036726753,0.523723485031631,1,0.64358437584979,0.445599660367278,0.371620885896306,0.270376345378148,0.159230345016269,-0.167872771260384,-0.218741280961809,0.277565669609164,0.271094533072367,0.468574070213676,0.508972391690443,0.0524207240139297,0.154555933844089,0.0215567320653768,0.0712894264872111,0.0481258950592856,0.155165938658111,0.0372104630982304,0.239999731330218,-0.24658034936321,-0.150166709408784,-0.11059074520156,0.0982972277162264,-0.135337673661786,-0.00542260492601956,-0.234999641538335,-0.217856927511414,-0.0616720899189514,-0.119650936969082,-0.362784767752516,-0.405128019007813,-0.250330518585588,-0.310431816716071,0.02721929673234,0.241873006401531,-0.241751748774149,-0.010267538912148,0.00754205871870811,-0.173471147918832,0.00468462846198327,-0.143229673969164,0.56490162346588,0.361620280811513,0.128731063032288,0.100559593954611,-0.259809042324318,-0.0749794147893463,0.404396382186361,0.356094080005196,0.426869365318823,0.428413231462745,0.217122813411014,0.289869773270377,-0.288060406163196,-0.0420792076952883,0.00133702197220205,0.070004690298189,0.391398590133179,0.440532002310965,-0.0137146357456893,-0.127987582838888,-0.168131629489103,-0.028684532350649,-0.00629994704653753,-0.14075711014573,-0.323806264730937,-0.333275756613705,0.11044592665545,0.41315855426388,0.206583921442635,0.285450937062332,0.458685577509516,0.405545732424233,0.189246893591746,0.155420823538801,0.650817469694564,0.463860726730681,0.131835269848568,0.154350275867869,0.296592149931917,0.26829620174626,-0.0203916065192769,-0.382025061691948,-0.0332145283033105,-0.0315894979549937,-0.0812863523536081,-0.158536220569752,-0.338481093108102,-0.217956774416004,0.0600981729679826,0.00400538336833325,-0.265541538768745,0.00860062229140052,0.42252642785715,-0.0772338991977728,0.414447992992788,-0.0883904907744877,0.344497196634403,0.0876510793305101,0.200659252404311
0.34248739660521,0.380602821895339,0.323766514403735,0.376881505221905,0.096959712584769,0.242542549630232,0.267841971342303,0.267792113226493,0.178652995762899,0.181186305514439,0.334726020304583,0.363752071172279,0.31152382217329,0.373507240791659,0.285399594079425,0.377633182163429,0.35466360063808,0.283537185535058,0.279367673230295,0.287861126371045,0.294237810646161,0.321117463960498,0.0487082639735765,0.091555536141818,0.170706959034655,0.315887474421534,-0.171828521518835,-0.0848379815048608,-0.0568832058187329,0.19644829994339,-0.100798597097012,0.0431441252668892,-0.247478494272036,-0.314539390248804,-0.151195769371934,0.301607330582411,0.189112073172824,0.291223623642887,0.0136232309836644,0.223669538375464,0.0560300118124987,0.145198279311375,-0.0242191222803831,0.032769623334189,0.287515793783452,0.27042804236367,0.200561372511091,0.208891886862143,-0.198425876220901,-0.282256118078501,-0.249881947738024,-0.35610096940075,-0.0252243276683234,-0.354740711865615,-0.169014285424583,-0.280700731727144,-0.304185709782688,-0.365194766146911,-0.163365704316805,-0.287811107761536,0.395690238312985,0.415381854068839,0.307473479254553,0.347700725204013,0.535810939263197,0.448216593088077,0.332178698449089,0.35614985974353,0.0231769960155056,-0.0391405230246529,0.311588574431133,0.310236870395308,0.290201162739399,0.213312318284196,0.201584421170217,0.146636800455975,0.475100061658463,0.506853491976651,0.476733487715827,0.434830564062406,0.261749813080978,0.252429659854383,0.0364701040281131,0.360008053067282,0.433395918651671,0.441415999904887,0.654532343429681,0.783679553584578,0.64358437584979,1,0.336992485723138,0.345974786834104,0.19899885811484,0.224651716256576,-0.174405670423955,-0.200248386574005,0.108946973884419,0.195447009390488,0.368655742198849,0.440874477976312,-0.00510468880384647,0.0289059735914955,0.0352517632357644,0.0575608465400382,0.0301818724992761,0.0559961458874254,-0.0200726656780357,0.0628482783206223,-0.242741800684065,-0.222666269995498,-0.123118331320338,-0.0390907054022312,-0.171085499431982,-0.143556974022021,-0.261697987660891,-0.243834367613315,-0.028915340242513,0.0224480812082261,-0.343646111511663,-0.317451727687336,-0.188296415725407,-0.2419342824069,0.143871275887922,0.271835890320458,-0.215706622708007,-0.0884622398466488,-0.0108733538128092,-0.215251459097069,-0.00925511387923979,-0.0835527396413152,0.534790988553297,0.518894626404479,0.101244737511127,0.172012172623046,-0.167334310664663,0.066610050832059,0.333102849079731,0.397443919199969,0.4145846582352,0.348750522399228,0.210711011690193,0.138648328347953,-0.190269176437013,0.0804238376927477,0.142662886723895,0.142252006320315,0.423871223061913,0.451604681166451,-0.113250147365156,-0.149957428007865,-0.193733489381917,-0.0202525702331036,0.0498830849379042,0.0398667055559924,-0.269224358099055,-0.283274524896793,0.0663358939273204,0.373969339305846,0.168978648229132,0.19998667745457,0.419738851783248,0.475680139337745,0.0986395593444172,0.122265243031381,0.335077065810634,0.737359889589137,0.116064906459875,0.148254262180587,0.20099914598178,0.263667217002368,0.0180731228214886,-0.357581246832269,-0.0155417461744446,-0.141295197753211,-0.0858675223345615,-0.0798769752629984,-0.305964189627865,-0.135034175864049,0.0155396233445122,0.00989591919241378,-0.240975007466004,-0.0021049240908007,0.288395590952774,-0.0446872242818339,0.248528810942488,-0.0909175663989295,0.158630866099092,0.0434735152070363,0.0266745434310808
0.675962969489859,0.591537418625881,0.680262824327004,0.662111607237823,0.325641567208332,0.540223565711182,0.70914717053289,0.579888010085854,0.603368007480293,0.463146232440025,0.724543778665725,0.693120030390496,0.743464483091809,0.754228711369445,0.751769216319277,0.707332443410045,0.778896748989337,0.750058219982268,0.461514771119738,0.461772978190681,0.630897711167652,0.599654129995427,0.213343553311675,0.309801738575533,0.485696306616481,0.609810666693053,-0.339220209871789,-0.233928311296273,-0.192437557386755,0.403309658333702,-0.201358580542556,0.292244757768783,-0.101552526188198,-0.6050840688156,-0.327265970746463,0.510832962362548,0.647570870742651,0.645209163152743,0.127510752861557,0.58399922176225,0.486698277499061,0.633265713458497,0.15683361730986,0.435611591203584,0.643790272536186,0.405473538251104,0.572026756230251,0.484000413337122,-0.219152961723616,-0.577137765760831,-0.050224841120717,-0.651715229512369,-0.203793955433965,-0.727160918011704,-0.17759395407564,-0.527148037219935,-0.14570105436504,-0.576221094430873,-0.128267361742952,-0.508746497192913,0.639894048161951,0.611917169706976,0.650753858948963,0.597436028782598,0.59862414226172,0.435187365666877,0.639810974193821,0.613714372119857,0.165998313607133,0.148763566363089,0.735584041981306,0.6285370454572,0.615512166749232,0.427494755299204,0.359975154031316,0.432229974705706,0.25239125255151,0.167139640749045,0.455513913581619,0.186213854376205,0.127984628918883,-0.00311144695319851,-0.123355783530715,0.266715445890127,0.667951019566237,0.53754297307906,0.367045867859256,0.258693725569528,0.445599660367278,0.336992485723138,1,0.818438940399415,0.296329285243534,0.143962036044237,-0.668207623055043,-0.692323538740039,0.105007691618824,-0.0413333363348618,0.885091224930769,0.845100477557488,0.0886020613050905,-0.0716038710420277,-0.382133452178537,-0.258274200628907,-0.079946804565909,-0.0879573337206415,0.0694418781888754,0.089259782597149,-0.732056187069795,-0.594682752849064,-0.310663467375046,-0.0804879594911617,-0.505979272887958,-0.300303654276699,-0.674461212674392,-0.672617936787497,0.141113167610779,-0.0981430556124704,-0.431158128355549,-0.500314335153303,-0.320857443568605,-0.589709561585896,-0.0858330037235579,0.246360309841974,-0.472317258471728,-0.146235668107493,0.18694156462188,-0.26762756669912,0.0329818285592979,-0.167481722341234,0.471771356020755,0.225089123400894,-0.0254656587284746,-0.0694944715891647,-0.312464190282166,-0.0940040183491542,0.723040779800675,0.476272310297203,0.677968254492462,0.627604157105703,0.499798853618638,0.433064636560995,-0.518418255240346,-0.207776515648769,0.168603778322405,0.190027304995513,0.545373096937833,0.507628292278268,-0.140218008502866,-0.31199279503911,-0.20754270467927,0.165704390116742,-0.22801628074018,-0.222236731705808,-0.386243169704317,-0.358957412989364,0.119088142328555,0.462256323477263,-0.0077263909301228,0.0434623974720882,0.650257920360677,0.390714151842874,-0.0169641097107981,-0.15562235282516,0.166804597613512,0.217413009749439,-0.0709734106477981,0.0987468675878261,0.0730615152659234,0.00749312036471847,-0.300078189856259,-0.627499441612512,-0.188458394357735,-0.149731415537786,-0.256779435070618,-0.412246986267918,-0.604274657347097,-0.296104117358331,0.0403518618173693,0.128494106469393,-0.714314561785573,-0.14855050533883,0.614550372672339,0.0414609508460266,0.444158719054883,-0.160135443076702,0.442617268895904,0.0975823238970966,0.0272097592786516
0.659126133094098,0.516411870181591,0.711694940526668,0.643653884704837,0.456844061046786,0.566934320035973,0.726246239679776,0.520126953810633,0.677753723435683,0.504086995802278,0.684409518167592,0.601959926938497,0.745450042691793,0.651480105131058,0.731353138282778,0.622824332544702,0.768949776023122,0.670735864043867,0.489178776275454,0.41166566129414,0.652610654877742,0.62001624572211,0.35347456779446,0.353479575124347,0.51916904597359,0.544197165261732,-0.227009817306546,-0.118350643524658,-0.0757248243043756,0.361022231361812,-0.311993071109188,0.317477502374659,0.0991932160682746,-0.478455871035699,-0.255178169812995,0.423941225884052,0.617222417508969,0.519804680877074,0.164549352860653,0.548914974048204,0.486866170767785,0.525185394990114,0.0813331925343675,0.324621794608821,0.596565703908169,0.359213963173534,0.547957825317242,0.427727806423755,-0.167656870736075,-0.595371302580266,0.02794501674977,-0.626011833097168,-0.186255640844423,-0.718512876344388,-0.0679068390181675,-0.494447955912885,0.0051561222255603,-0.49757950623183,0.000737467394480402,-0.471600753316876,0.601513036132663,0.556252609921875,0.685877085100008,0.595604184131683,0.550448985977688,0.454011950019385,0.58560857247437,0.538969378332902,0.303939323493097,0.226655016784333,0.683479265481972,0.501757584278693,0.501549876986896,0.241286984643462,0.343831740967895,0.308593498450837,0.11723292379515,0.160817754394199,0.360307309536554,0.120902753093899,-0.00407432852783053,-0.0926416203504185,-0.155555864028277,0.227584360672474,0.6964389881044,0.593697268363065,0.342051676711833,0.226771974583189,0.371620885896306,0.345974786834104,0.818438940399415,1,0.198277324269872,0.150767284331125,-0.725300516052881,-0.742514882549666,0.0174827599695943,-0.053697791625236,0.73568274564842,0.866126936052185,0.0106574309305263,-0.00964219025337462,-0.420844378988475,-0.335484283593723,-0.2089809090916,-0.189101575903746,-0.0179980965301827,0.113111143657191,-0.701661018185276,-0.656857324772156,-0.444683985323406,-0.20322940781017,-0.577238566196193,-0.42150307288119,-0.687670502100975,-0.69199008709558,0.22837269946286,-0.0223726214290929,-0.43785720865993,-0.484600359333635,-0.290438247338172,-0.575334127216803,-0.0249300650689422,0.218217269966183,-0.532787355948297,-0.158811758711312,0.206032115895517,-0.306325700454248,0.0266841054675902,-0.229463901080525,0.358185952458317,0.180924379927074,-0.147683482354592,-0.134592572082625,-0.38626769727976,-0.101467185805969,0.638661737002929,0.359984337370179,0.625291408453232,0.532816889427338,0.475687921208077,0.398999828229987,-0.45405089438795,-0.263577892933077,0.280793922556839,0.279751969188858,0.486442049630387,0.374803294007684,-0.158979012218307,-0.181675446091137,-0.131633367559365,0.246456657633296,-0.25831108530699,-0.23101916857779,-0.346633724624488,-0.311962655688247,0.0214037526328069,0.375344970452656,-0.081090187612796,-0.0553501030177826,0.553862089423641,0.348094315569922,-0.0442752860107033,-0.184618200892215,0.142608310729024,0.213695822967791,-0.148065677868532,0.0142293204785553,-0.0261225441375151,-0.00285386029795589,-0.368552942800616,-0.575805544399205,-0.302284627469612,-0.137996524150749,-0.367086042509331,-0.395091556577124,-0.559548001428693,-0.229637368484898,0.192475413868083,0.0715711628168849,-0.689327495714021,-0.168772360649716,0.515693179575614,-0.00388638132446765,0.453868354550891,-0.301454061715139,0.522017403517666,0.230268655804376,0.0901979231258214
0.219798116869555,0.262645839132284,0.223024564295714,0.242373976391346,0.0250608927144904,0.144343351070727,0.239718958036631,0.208531693863928,0.139735455037404,0.169115247815206,0.195737164732632,0.174125928547361,0.191660238305475,0.247041026544645,0.192074170808773,0.225398965198767,0.24577030570065,0.269167205689792,0.259667310302989,0.312146361845048,0.223796347729833,0.224130381105011,0.136213776617157,0.0784089142411419,0.119448166290042,0.209568250073749,-0.0614707444404675,-0.1085209102347,0.14520818540896,0.170286260031653,0.0927853914151925,-0.0010438095534657,-0.0819981121235377,-0.235590275473012,-0.0768771691530777,0.201255238557528,0.0885944536000612,0.199929456151251,0.0309340117476784,0.128524607977653,0.113899263747269,0.148314369559205,0.13878355533297,0.149495198530449,0.16815337739248,0.126904639743287,0.181616921550391,0.119615043065734,-0.0458845786329947,-0.210839465497896,-0.115795381023926,-0.264105471288433,0.0196852000016559,-0.267600868200826,-0.0924681095794409,-0.205503362572175,-0.1606255156753,-0.256481338033033,-0.0701697393333406,-0.192946239949134,0.18975713941754,0.200961705220098,0.213527426741444,0.216830856615736,0.299128316890391,0.182970673680254,0.209447149881294,0.221205429435084,0.00984833567443087,-0.0356868909984929,0.146380715241637,0.152249987524022,0.170081234742143,0.0769722811825488,0.0962157124136294,0.0301048344873264,0.18442093895902,0.126200149933859,0.19922573887237,0.197133256076423,0.037066996350355,0.200625837975032,0.118108410837691,0.191316900821254,0.309024848652953,0.268073853867197,0.236707487239763,0.148102315903351,0.270376345378148,0.19899885811484,0.296329285243534,0.198277324269872,1,0.0821412268619057,-0.103273583650191,-0.158748193986469,0.425176550254775,0.00974641758278678,0.375236038460384,0.219011587048574,0.0931685633167074,0.150285432463885,-0.0535128331335907,-0.0528265548070531,0.012021638360776,0.101956263906448,0.155067293772708,0.280658029758921,-0.285053014884547,-0.148040251178773,-0.00729438748743866,0.0595552883457978,-0.0833019134205892,0.00614810659977315,-0.19663634115072,-0.210485969753846,0.108860081563024,0.134271446679165,-0.284131751731541,-0.227067915655588,-0.267037567599357,-0.184404571826517,-0.0565651508781074,0.0880056532086514,-0.265404696096196,-0.155389384104344,-0.0103822030771356,-0.212441252583189,-0.143029730376768,-0.0727957745061068,0.218337050375916,0.134131603912561,0.101738761147355,0.130299117632831,-0.0947111632220663,-0.0955392827889016,0.229786390037345,0.174623554146303,0.188667867134519,0.195937193681379,0.0705845031674694,0.0745362001376531,-0.150662098878503,-0.159554761861896,0.164975497967642,0.032349558747946,0.231715678204078,0.11442943858822,-0.277870624531277,-0.20902594433503,-0.118970860000916,0.0387048884369499,0.0193283697902853,-0.0197070207580567,-0.217849852584316,-0.151194423628454,0.0828130786508522,0.132499847733721,-0.0625021294888765,0.192144507342678,0.290714867527033,0.156431527035581,0.0362247396375766,0.0908187342328009,0.128264701433447,0.180220095790011,0.0910714386835107,0.147978713375548,0.194438853724976,0.0788981263407244,-0.172067888004963,-0.23942364807561,-0.167818098600827,-0.266652264505809,-0.128712817784585,-0.219190879063575,-0.225806818682667,-0.207354917401811,-0.00188228631684674,-0.0522279369443026,-0.230608649680388,-0.0369242725710854,0.208661592514359,0.12747401620437,0.21637069790776,-0.0666450868573023,0.175077421077349,0.0543570374613129,0.00307650434452051
0.183196203523435,0.206140342849906,0.198292982344893,0.213142417302239,0.207258108096358,0.17128121215934,0.16626757797869,0.159310889270671,0.162191027699562,0.146346675961563,0.165324748646258,0.146109369669579,0.118267823753337,0.202112256510976,0.10805210490121,0.188046355610467,0.0892919018805526,0.140405697747222,0.149207528860168,0.164774600396036,0.154753455198666,0.153529417874079,0.0236346756979585,0.109337128562012,0.111679279557867,0.155983953100362,-0.235962828977722,-0.0877192270911776,-0.157513072100741,0.138502480355364,-0.148451592461452,0.0210389909953588,-0.0089402708700194,-0.10346729652936,-0.168284352659851,0.227473626148489,0.0952295975979916,0.101478791049479,0.0241977015063294,0.17550998485809,0.120342049160471,0.0991029761799589,0.00294090963608463,-0.0243142695976226,0.164132799683745,0.157462609597056,0.101854942828827,0.0708463814268197,0.00714582290347874,-0.0552787197026534,-0.166051369678,-0.136235100902009,0.0411947591926621,-0.104603444532761,-0.0510652906007402,-0.0516638616209525,-0.100863469359258,-0.117697442878924,-0.00688661876920761,-0.040743526904114,0.208181661464486,0.199566403147202,0.296603097892364,0.209840113573439,0.249257343709987,0.180009206766735,0.243610090588103,0.232935870023941,0.0263128691729665,0.0908044270744959,0.0969820931298321,0.0976718158839015,0.0768051930566215,-0.0569338573985984,0.110817268398729,0.032383031257559,0.141755334106215,0.091390481233339,0.120924526449141,0.0107891103467913,0.161069297629608,0.1246049844361,0.0490575274076381,0.233144444930726,0.178160676878078,0.180857016319068,0.231389748247723,0.105382261358287,0.159230345016269,0.224651716256576,0.143962036044237,0.150767284331125,0.0821412268619057,1,-0.0281065933438286,0.0227440973427432,0.148271004278745,0.542089107028403,0.26549680303987,0.29003825566746,0.114456435358511,0.123271964178198,0.0637894673341999,0.105622133051582,-0.073517500141851,0.024497138980122,0.122647611714842,0.14775024478054,-0.0756885746561684,-0.0557980399776034,-0.0220463032339818,0.0310077002312207,0.0652699047568592,0.0792753594525328,-0.0624128717269376,-0.0680662128024722,-0.000486392324801708,-0.12073506468209,-0.215215049159262,-0.221842797586217,-0.1290676389544,-0.206502503476408,0.0291600514958652,0.0448181716526786,-0.113137957982769,-0.0588794811952949,-0.256219873400377,-0.0489797980669602,-0.0318183061748883,-0.134141619289702,0.163490347363556,0.0806992969931765,0.0257362862249978,0.0868895982238964,-0.158720400141097,-0.00931297154111257,0.115557843231421,0.0220386794508229,0.249685788163039,0.215989796093988,0.0464259029256192,0.123487809796549,-0.0534565102239219,-0.074006651181405,-0.000203324772548587,-0.0371126914380572,0.0899832194641349,0.0946148247210738,-0.0028120079332178,-0.156390258191024,-0.0875740468011731,-0.0180957725094904,-0.196455746243945,-0.10533100720017,-0.156160521090045,-0.275313435095587,-0.0387787465433615,0.0699377096634851,0.102450801807876,0.00942434467582591,0.255895899037268,0.211760564211723,0.127453340862983,0.337531888140941,0.0932608941120792,0.149744840551847,0.239276433380623,0.288111901202965,0.149236774713439,0.283538802390303,-0.0271803995606784,-0.136395821794628,-0.149810588711554,-0.0618412516570601,-0.131672426504195,-0.0996070389127255,-0.207931389863515,-0.205709465253331,0.0761662571449789,-0.222898945345051,-0.0520344957003346,-0.366193811002602,0.184178089714797,0.0206805438848593,0.290768173501096,0.146893681240251,0.157415689537979,0.169419065706548,-0.0116733096043099
-0.561284424201568,-0.409911060762786,-0.555751922743,-0.473680492800337,-0.364732763881538,-0.489931843828041,-0.611859952838447,-0.394584163856235,-0.516503757227398,-0.303409341760035,-0.622480077283942,-0.598010099848488,-0.680599387436121,-0.610255407428115,-0.699471368812499,-0.587640724447749,-0.687519296936446,-0.607084535676697,-0.374081830626421,-0.293633912037641,-0.603085195961947,-0.536749618519529,-0.355542523025189,-0.303672576386044,-0.514551194969124,-0.516866332260318,0.00824734328550856,0.129009477642892,0.0340409338901631,-0.23899320374803,0.141834601697142,-0.182927115193125,-0.0912503037353929,0.52624860283514,0.283492218842711,-0.308154404525849,-0.664893211009431,-0.515456355899982,0.0503421243230454,-0.488364121326876,-0.43749934777017,-0.534716498984671,0.0847930825537855,-0.311301617266021,-0.577335339252927,-0.214000901255855,-0.557932092109415,-0.470040493275541,0.167174122818029,0.660518883439851,-0.253806361375353,0.494667268025427,0.293968712415957,0.642805632751832,0.0744059061433014,0.522799392751362,-0.158830564363448,0.417498076230397,-0.00157689441130927,0.490808938165169,-0.504756831896392,-0.487383657742748,-0.558911789123582,-0.504993496330648,-0.40751171624298,-0.364005785476339,-0.473955895084572,-0.408622730633345,-0.19766849124766,-0.126112452332294,-0.684148275753341,-0.50621854236914,-0.409575274283347,-0.168402556474856,-0.216159450555062,-0.293036272719326,0.0570793439064676,-0.0499100317942359,-0.200973184338925,0.027986693216357,0.117031063620353,0.210038660286984,0.327337135114324,-0.0482299041956312,-0.54848609253491,-0.469702637486996,-0.195011228096691,-0.12203759029415,-0.167872771260384,-0.174405670423955,-0.668207623055043,-0.725300516052881,-0.103273583650191,-0.0281065933438286,1,0.921828102522836,0.195410012289758,0.184071498013869,-0.512913676948216,-0.560831198943204,0.126668967411182,0.156200179603498,0.516081721608688,0.447118799492807,0.328725719061831,0.451018807371928,0.11008020414346,0.0222399175757309,0.676167879978956,0.642049818796564,0.489726569824219,0.252247935221007,0.599407168235235,0.415366864292005,0.660730145518137,0.630867969498692,-0.238824781953793,-0.00557880294358815,0.221564884845197,0.328654614391129,0.118454256102375,0.449301282388707,-0.0205372692107568,-0.20899257002741,0.313699235615177,0.125053106229221,-0.235781102872198,0.285079639588414,0.0305310709630389,0.138208802527405,-0.141937993915993,0.00373497874920121,0.256758542235822,0.229571763054983,0.361790479847271,0.221827407722025,-0.597692104313125,-0.267444747517567,-0.530275734128451,-0.448714938905035,-0.510453668200781,-0.331956025344848,0.451907910950093,0.226917188618402,-0.244299882295971,-0.176589669929889,-0.397059930818697,-0.265300692957246,0.164074755469097,0.117887102600628,0.0701937776571845,-0.166066120122024,0.222123858911573,0.218456505055434,0.223498612731552,0.152515259914219,0.125536718327242,-0.250126080401361,0.189581988610817,0.189685691140838,-0.444946662751176,-0.201571316726285,0.105225038488468,0.234857426697314,-0.0991588650850591,-0.0365076785180642,0.143327287298502,-0.0149563268117087,0.0777646920936742,0.0740312929122628,0.228461079943744,0.441631563917624,0.271252557730635,0.00323970640285571,0.308130398074713,0.333168035311657,0.459271263593884,0.0922015206072385,-0.114735125159505,-0.12348003344838,0.689919522868963,0.113031980442578,-0.434476184909245,0.0762221331831663,-0.315021309607687,0.359959638185448,-0.421468087101227,-0.116481893698604,-0.0178734463237366
-0.579181489497804,-0.431564863678791,-0.580420153120234,-0.473116438064521,-0.328816748182649,-0.461831914429945,-0.606282895593108,-0.330112456282284,-0.498386061836938,-0.229400738661119,-0.650361302501614,-0.59517731187393,-0.694696100253248,-0.60492022939188,-0.729194378798426,-0.590939253455119,-0.724022699273543,-0.591816294330178,-0.399722288573901,-0.266146176822729,-0.635017403189595,-0.562721681127764,-0.402487300221972,-0.336396561313184,-0.528898184101946,-0.563500628953458,-0.0188457709482446,0.11095591932461,-0.0145562907333387,-0.221410953198808,0.127784402127556,-0.143231151996708,-0.0314337722148867,0.596990623552781,0.243049362276509,-0.353583492240028,-0.630666016697248,-0.549431832915013,0.0707766949648717,-0.473791312885669,-0.38082092123004,-0.554572695411805,0.0920820792931383,-0.367628086907621,-0.615255386875469,-0.231936757671545,-0.57269438269199,-0.501957427862902,0.225450109550294,0.61609273899515,-0.202782580131805,0.550747789913724,0.297378142212177,0.636733172863398,0.106040612191274,0.495877654973379,-0.0678612442831777,0.497319513811304,0.0177181821883375,0.497142466651083,-0.48569713653645,-0.485170211100643,-0.604586180247182,-0.495690481550375,-0.456907833096755,-0.429071158144509,-0.497897437816948,-0.427064900549734,-0.174397145538643,-0.0700862304704865,-0.701759941923239,-0.536119325736444,-0.496873856224836,-0.277096302654338,-0.260502284713306,-0.386509375921486,-0.0289503797741381,-0.0645075676542821,-0.239589407744032,-0.0062871163021845,0.12265735311954,0.186812957367516,0.288970347510656,-0.0883470094223645,-0.609921772728023,-0.54182385872147,-0.224530902390844,-0.0828059057576115,-0.218741280961809,-0.200248386574005,-0.692323538740039,-0.742514882549666,-0.158748193986469,0.0227440973427432,0.921828102522836,1,0.161151933541638,0.242007719849383,-0.532100882559082,-0.55211569898698,0.148285913604791,0.16584366706136,0.56332306493828,0.54175969442081,0.395682046587845,0.461500026843207,0.131861383520328,0.0474269788326113,0.727470164158717,0.67036405372924,0.501463424914742,0.300995894731403,0.65862969455594,0.483757065933261,0.71266167790502,0.683930954726149,-0.257141625035402,0.033890377416089,0.192309978344682,0.349404210784435,0.111897471663422,0.459238091060869,-0.0566019582120204,-0.187992625381687,0.327671898712323,0.0907033754251198,-0.252038856502143,0.347950546029077,-0.00720791296546277,0.0942106588517851,-0.176731811049185,-0.00768259124595156,0.225736948634976,0.172882681614846,0.347305328084964,0.116543382773924,-0.630289323243691,-0.328674558058713,-0.543459469312034,-0.436434243953136,-0.527725811053148,-0.32396593342127,0.412919272574598,0.135035595505978,-0.238899330769095,-0.168582574075161,-0.437618751013878,-0.295202808242827,0.147988134055741,0.0829818327116505,0.115698357270916,-0.305246384663791,0.183098025758436,0.221089717981022,0.230911335702572,0.154765261418306,0.0764347384052223,-0.334363432201514,0.192336969414971,0.154713432415594,-0.447985879984853,-0.198730202255738,0.143892662770273,0.252142463193823,-0.0832121399738215,-0.0473119091365725,0.219951183241282,0.0508664936418494,0.0753009584473961,0.0746457613453318,0.208151853215319,0.464525904618521,0.275999870267412,0.0240001954373277,0.298019582842708,0.290005250066229,0.456495646050475,0.0942648149374137,-0.12345358722753,-0.268456827100886,0.733281888694005,0.0405198744664972,-0.477534599017413,0.00501042617152369,-0.347692637300278,0.390822646973185,-0.44923767863535,-0.0503944537859345,0.0133788628197921
-0.0239338620140103,0.0504653838947419,-0.0585671711035978,-0.0327302461821109,-0.0268490168618207,-0.0659776604882918,-0.00349659299963547,0.0906917393690331,0.029403270761387,0.0985735531421028,-0.00658427318850532,0.0267608301734945,-0.00605932407713,0.0818616238530686,-0.0649499013649634,0.0526152938545732,-0.0298350183559779,0.00829656355309081,0.0388385213134983,0.176085900315039,-0.0482953120171249,-0.0487448753588447,-0.169983531431099,-0.0471128273334313,-0.109757946234082,0.0273558404753972,-0.291676853916268,-0.149351466582873,-0.0650936206838164,0.1531959147204,0.0294191942311733,0.0116694856315383,-0.0816630235951094,-0.0343201850868473,0.161873015050081,0.222352329219727,-0.0279187869919808,0.142902467720274,0.238148018501532,0.104088544228428,0.170145662217619,0.141887343554018,0.291130730913477,0.138965717944747,-0.0154247644275113,0.195369845206342,-0.0190889160277523,0.000863438872127403,-0.0375166374777891,0.046550346981299,-0.242333358964238,-0.148622492009768,0.0430160679601124,-0.0448685764612615,-0.07857497300483,0.0138001121376325,-0.226037183228127,-0.0755336361909535,-0.121696304975486,-0.0283433707634992,0.0176976727393668,-0.00640789555029517,-0.0401711788429459,-0.016089711336077,0.167375962503061,0.0991444732300408,0.0939927250727789,0.131350774963573,-0.0628379686538671,-0.0044054236590741,-0.0536837364622434,-0.00131580064513252,0.074824192654994,0.1254002788017,0.0722062903720714,0.0170890096389699,0.186062567434452,0.0591083683476847,0.120612528376641,0.138024544389314,0.312825960321082,0.188369477500891,0.144626281417885,0.126439999715303,0.110047175132827,0.084397851866779,0.219637035492101,0.115465237610223,0.277565669609164,0.108946973884419,0.105007691618824,0.0174827599695943,0.425176550254775,0.148271004278745,0.195410012289758,0.161151933541638,1,0.294528924706592,0.321665663799819,0.167731785569606,0.254995667204105,0.261104474677072,0.32039623347272,0.256932263588808,0.295144653860674,0.360693365681896,0.194254026021561,0.240815212772693,0.122020357784527,0.197276171321544,0.314732905803667,0.319657993980373,0.249704096373331,0.258542231553601,0.19186964670334,0.186866023324272,-0.0268342714903289,-0.09359754136961,-0.221149001594773,-0.138041291608242,-0.169011719550598,-0.0323648158834153,-0.103000898017482,-0.0300547490046002,-0.0357075793767933,-0.017687585565519,-0.166580377294239,-0.011364817277501,0.0178557159730023,-0.0872448549429531,0.19677837526784,0.136017749599915,0.279079117165546,0.185911427681839,0.142132510234886,0.0944241206688446,-0.00638355549821558,0.0796044250268228,0.06981768767758,0.0652268134609389,-0.130727952920946,0.0709270424292462,0.0710614129430864,-0.0153753326971878,0.0235388282415617,-0.0269801120623485,0.0191151801857635,0.0269065867865818,0.00826271786421778,-0.0465977424601964,0.0533662762108175,-0.10590978846247,-0.0731023211225989,-0.000628385277675042,-0.139517039663196,-0.127394683406757,0.130946688496293,0.160389529491757,0.225366396302374,0.280900603127474,0.243525770792004,0.243224496278064,0.397255572513203,0.165236728658413,0.156486986178893,0.0440686075620018,0.237991574779099,0.250627352862272,0.410785806991918,0.232723707709223,-0.00800353022036803,-0.054962325661782,0.0539321070266203,-0.0153426071101887,0.004232644292834,-0.100615505020594,-0.0452169941773961,-0.256441514452012,0.0407562515607751,-0.0961089042356403,0.165575698789969,-0.0254245875685045,0.122061404116277,0.255428618275636,0.219668410399169,0.296857316777091,0.177603131606327,-0.0130353520636184,0.0805406335378936
-0.00222957410675873,0.140771041239757,-0.0550917440858142,0.0353870141948555,-0.0466295484135313,-0.0238875993202605,-0.00109989143606325,0.131444647059587,-0.0508478476040888,0.0808295249535464,-0.0334287730342564,0.0471099849976741,-0.0772438613404611,0.0909549849530086,-0.103392060133599,0.0397864088540263,-0.110743852184342,0.0334988700402093,0.0579028248787032,0.204797414279311,-0.0317621752043368,0.0183487273180826,-0.209151753178538,0.0295952748521478,-0.118145200194419,0.0425867291947458,-0.298268206816103,-0.209913740285187,-0.183505836991846,0.146946038530075,0.0122684472308744,-0.0526464821128784,-0.189301238574326,-0.062231916405616,-0.0364306088006944,0.262869000885097,-0.0217877276664185,0.0842975019646478,0.110830946362274,0.0989627590038146,0.114137101970767,0.0861634801462111,0.155662278100572,0.025246589282196,-0.0526692645813632,0.21376961383556,0.0479526429228383,0.0113120175511972,0.0224586492682767,0.116644745489869,-0.302456821269195,-0.0565215640022235,0.148969614641201,0.0443775244533139,-0.0738802615884243,0.109033901575028,-0.233235860880227,-0.059499046479831,-0.102169816059114,0.109666713331459,0.0981390439641949,0.131199481584813,0.0600050554660652,0.111639838595298,0.254200785442892,0.118340499778957,0.139935777070378,0.222672775976073,-0.100398707128603,0.0429175315003669,-0.0944412623912545,0.0188888639346771,-0.00575442701114433,0.013121589834548,0.051130564658157,-0.00512603494278655,0.227750295489588,0.0431068496862988,0.133931345563176,0.037653008397118,0.378498475606571,0.286503428974737,0.0424639256738092,0.126135555911452,0.0928661083027697,0.0849772243726626,0.314165169237861,0.144789145600851,0.271094533072367,0.195447009390488,-0.0413333363348618,-0.053697791625236,0.00974641758278678,0.542089107028403,0.184071498013869,0.242007719849383,0.294528924706592,1,0.171475440236935,0.204699714141886,0.278237515497685,0.266108320102318,0.322257068167731,0.434752139795061,0.218752677363158,0.298081212304881,0.2160446870777,0.233742336419514,0.176199708483549,0.141432460311477,0.207781059469662,0.317758966068987,0.336076124003599,0.342648082349702,0.199572882635045,0.203074610324777,-0.112682747362609,-0.199867665677125,-0.246560426575385,-0.222091096386466,-0.0719732583189629,-0.203777400171752,-0.0997187571686948,0.00876674644345707,-0.00271025094883581,-0.0398856125556698,-0.261336223451208,0.030309087031374,-0.0055692142169564,-0.213413774198983,0.140383213928223,0.0286178447030754,0.122613101449199,0.171846305669856,-0.00532955384159639,-0.0139714452312443,-0.0356972929710682,-0.0324109272694863,0.134188118047367,0.236571383592164,-0.121094069552101,0.138502093876352,-0.0378707628382211,0.0385024711933187,-0.146049043784905,-0.233668666445891,-0.0471951011468043,0.00991139295971279,-0.0364681075734914,-0.120601368997248,-0.100033810840714,-0.195621123339073,-0.114485911171806,-0.183029149260254,-0.133875866059036,-0.284991064093251,0.0352762483864369,0.0375580126799119,0.268807881743672,0.227653980940524,0.177010082302794,0.17056104662533,0.408478783125221,0.539321928688586,0.296936675017171,0.201937110732636,0.313028024100147,0.259985168229622,0.302694134890715,0.53893396822438,0.0290628418435457,-0.106305711147546,0.0859380488725831,-0.0238251005075551,-0.0341102321285282,-0.187192863668502,-0.141033433922438,-0.255621073436529,0.0887264520100725,-0.239215468927231,0.158530688107259,-0.149251851061139,0.125206273440573,0.16056389178393,0.181049334470632,0.182550831742436,0.0638796476935108,0.056155379045255,0.12875575073545
0.624607405262123,0.605153835864765,0.630687653331702,0.633732039620588,0.321561639287331,0.504020870629122,0.630647326783112,0.565204103860869,0.586607279948992,0.46960893648314,0.667014028969567,0.645202035911217,0.655563618503587,0.731577240963447,0.646870483621595,0.681070647039521,0.705713367099051,0.709943697149143,0.478001061241782,0.515254905724708,0.550733203458097,0.541536138486731,0.133829463043143,0.306631005167462,0.414087064641362,0.576020010399875,-0.384326362092195,-0.231016697177392,-0.169538386898967,0.468855274904252,-0.158568141938739,0.220152394319595,-0.137420178180425,-0.526938220969215,-0.29583342530086,0.605755947010372,0.587377923436741,0.657603290467661,0.155682041693559,0.514412270596814,0.495502453230924,0.590233198819008,0.193143998276452,0.361003033446672,0.57210885451831,0.438439557141186,0.488748843366161,0.416738223419011,-0.184761661646076,-0.50269109046522,-0.105501121974259,-0.572101315772834,-0.122159231849693,-0.677914925013203,-0.180315293641601,-0.469160629289021,-0.17486055988264,-0.511003131297506,-0.0930313118842314,-0.40367109076574,0.661273115395444,0.646285006629552,0.562300618583228,0.549693574203128,0.571496538884219,0.394014037623807,0.693501304194209,0.691533128856607,0.094788416326061,0.128651896263125,0.67638005516882,0.634228464567612,0.598129468231373,0.446042029419911,0.315794521245871,0.353239103092341,0.298001565449356,0.168716775394146,0.488283338795022,0.250720318199196,0.27052592860482,0.0845804768707072,-0.0481349009813048,0.308576001724661,0.651034984005855,0.511390584979992,0.429793498018535,0.296026523474707,0.468574070213676,0.368655742198849,0.885091224930769,0.73568274564842,0.375236038460384,0.26549680303987,-0.512913676948216,-0.532100882559082,0.321665663799819,0.171475440236935,1,0.878901622506109,0.172316301716725,0.0582628014077184,-0.21342072724871,-0.093963269490832,0.0132587829934298,0.0590102100450374,0.148045445254819,0.221230552940056,-0.601857445321917,-0.455505056754009,-0.178063342106264,0.0758670937943059,-0.305456783004317,-0.107361819263091,-0.517310143856164,-0.513822218469639,0.120248009708268,-0.14418284050784,-0.478237835449519,-0.553634275515601,-0.340505434352916,-0.581672517468801,-0.16820116930861,0.229565269930815,-0.443506155288146,-0.123718924254651,0.0340532902735962,-0.252934994902412,0.00531895403814893,-0.260148056704385,0.507367730752542,0.247721673798782,0.037881157953496,0.0210489375085601,-0.260755321398976,-0.0723457693580376,0.667425707370282,0.489783894751711,0.689811123023637,0.671935771069651,0.374579028731312,0.419512858244009,-0.471110888770468,-0.22071216462609,0.120317033015488,0.111061114112949,0.530573181694878,0.516955477171106,-0.116707538472804,-0.290334077438779,-0.170857927492031,0.0602107722059821,-0.243171366870083,-0.278386295043011,-0.418459691790604,-0.44683140809232,0.175798111284861,0.47250334060851,0.128645571103594,0.168950559357174,0.623871059171626,0.409291786635358,0.133687429984531,-0.0112502691924875,0.259627154669379,0.250157623496814,0.0919100327053947,0.256599518712881,0.192157835964859,0.111108785354093,-0.293405701609476,-0.587208733719391,-0.177855903678982,-0.136713480867354,-0.240776219076383,-0.423877319567685,-0.59339346705483,-0.392748183855406,0.140248819573476,-0.00755634489967982,-0.563983938436883,-0.170400335648287,0.656457172931922,0.135535511954182,0.496843959396652,-0.0203625180767939,0.416419345478878,0.100246623216582,-0.00641693030937315
0.645742637177987,0.575876534939318,0.664677933660156,0.653620433539837,0.380112593848623,0.542191088998143,0.680532578208262,0.566800524320022,0.614797418319242,0.506707262463077,0.680375047833462,0.655926903612879,0.710448121355663,0.716304337762441,0.680776919699219,0.671256969624545,0.728938568735442,0.69312935878809,0.508684550495532,0.523038319202123,0.616681230700752,0.604497565561903,0.200829787062048,0.35891499212999,0.456446542147192,0.567912905418585,-0.363161913355447,-0.177460836393273,-0.196400966892237,0.452299973798421,-0.290177000780395,0.27604846324028,-0.0192373598264798,-0.479415544935042,-0.337654206446271,0.563464679991456,0.572135777087515,0.594452405349341,0.154752198542168,0.560747605596448,0.499585845323105,0.560047845217698,0.172991744277136,0.313664854384756,0.582423313340339,0.457270056567901,0.525974544573688,0.404297162282035,-0.117075572069472,-0.491898727296597,-0.0694163246917192,-0.592500316264518,-0.0961780526992652,-0.665320515689085,-0.101570187807917,-0.433079144892149,-0.0951211657824944,-0.47986538328502,-0.0231203064421225,-0.374108112363966,0.651859691314449,0.607504835269167,0.645146611578879,0.574014088566603,0.636470883895293,0.461034824495948,0.66810993980857,0.644512181364293,0.216670227761123,0.211091379870812,0.663136993319425,0.566421600287153,0.522224910239161,0.312729714973067,0.353298892254419,0.2997471215936,0.262531629497129,0.157611455840268,0.426129918965578,0.148075641271698,0.162466676324435,-0.00660436468212104,-0.130974198143077,0.249717949890404,0.685949200793336,0.573888823152633,0.465063964954568,0.326931298981233,0.508972391690443,0.440874477976312,0.845100477557488,0.866126936052185,0.219011587048574,0.29003825566746,-0.560831198943204,-0.55211569898698,0.167731785569606,0.204699714141886,0.878901622506109,1,0.14059717571338,0.0723880201611571,-0.21802640012451,-0.0421058286147959,-0.047034091173936,0.00552255951906025,0.115762348837958,0.225792719307656,-0.640377130179498,-0.547279623550381,-0.286665156631331,0.0171057315517381,-0.40449292050316,-0.194781327624545,-0.597002998115493,-0.601151878647644,0.113595983054728,-0.148740038090701,-0.531289330612002,-0.603170189235537,-0.356438441640101,-0.641670501336751,-0.136572849283219,0.213738336269386,-0.539878289608249,-0.168719157998856,0.0819125595620623,-0.265448429501978,0.0106215823213272,-0.274678896210214,0.455386935281404,0.188647115950195,-0.0939183165510134,-0.0885980829767781,-0.352473861574737,-0.104678461554659,0.636325586857424,0.378064895322776,0.687303279764292,0.636349356335082,0.411141004918522,0.442560745573294,-0.488107211798502,-0.243743307081225,0.122303235010581,0.119400718197022,0.500646109914552,0.44978649308838,-0.122594027089419,-0.257537253851548,-0.142325815471723,0.124386442960904,-0.322544632534931,-0.348395293594602,-0.423421659801038,-0.470828707592826,0.0757973904662075,0.430015443563416,0.0315638589616226,0.0511282256537372,0.649688476423163,0.451024121554232,0.0863447542091909,-0.0313507216082664,0.247873265759653,0.30572197099461,0.0593926007464198,0.201363166549363,0.0914646012296324,0.15801500923498,-0.360740681775541,-0.63484783260315,-0.238577576702149,-0.135581724127221,-0.317743497275161,-0.468860878484401,-0.620521555075003,-0.376829782848366,0.188811380451851,-0.0846608662087989,-0.629312141288925,-0.23691675404245,0.607189541532469,0.0976927746280005,0.507226122448359,-0.122010997282982,0.478804869490042,0.208808782359335,0.0743365584426685
0.133290731161204,0.153901873084935,0.096706366321003,0.130270503578416,0.117449929434496,0.0786851718360806,0.139069180765365,0.189086788765068,0.174421944222312,0.234878763963319,0.000223515760579492,0.107057529302708,0.0403377920123074,0.145211192440913,-0.0102379345476732,0.0858749502429576,0.0941925653709987,0.152722301826119,0.196492253008052,0.27022756165391,0.0852303977683121,0.117213239773861,-0.0299389051246998,0.0607882707048011,0.010433549407898,0.0815297447790879,-0.199345069587937,-0.0709256718293031,0.0445151567583133,0.136039032013564,0.031237403127988,0.00207558381668987,-0.0851459878823802,-0.0636484734260732,0.139601555573523,0.13518796811185,0.0836849339688045,0.100180249971102,0.184587999538172,-0.01999878212271,0.188362355217407,0.0105467353108933,0.170456471913969,0.000897302671690718,0.0746251955967726,0.238751161275502,0.151749557116405,0.22501026094173,0.0328123465607768,0.0618494820279234,-0.156118386804272,-0.105643799275288,0.0560003201664405,-0.0995859215968531,-0.0582727764822564,0.0614214610733486,-0.109567816124879,-0.116143431638416,-0.0413156064016149,-0.0467264707372702,0.145827910421767,0.0979248933127605,0.0950663331530781,0.158063926918727,0.141851808983632,0.0423515907992659,0.169086107597647,0.207024934585776,0.00620317548077944,0.0101441893438193,0.0238188757377913,0.0798000083444674,0.0912798985429259,0.146658533154681,0.175674168024392,0.0977352961543853,0.104021885209196,-0.091446894070253,0.0987425328222442,0.0622545354626476,0.273262887507918,0.106331295222512,0.00839136576905193,0.0560499556706298,-0.0299455092097003,-0.0732826023192499,0.0737767851176579,0.0372076627935963,0.0524207240139297,-0.00510468880384647,0.0886020613050905,0.0106574309305263,0.0931685633167074,0.114456435358511,0.126668967411182,0.148285913604791,0.254995667204105,0.278237515497685,0.172316301716725,0.14059717571338,1,0.19576823075102,0.180051134707424,0.177786930484782,0.466773703533498,0.261284173390988,0.597876737177747,0.261738889369533,0.0489227793961378,0.139505987788855,0.318622369997174,0.1902929212123,0.325104956007172,0.308323121471817,0.167343259844159,0.124727499817119,-0.0773782186975874,-0.185059563636808,-0.23360297422834,-0.255164008120859,-0.127029064149036,-0.258072275865854,-0.160972530326786,-0.127650650032777,-0.0974634049934072,-0.125960486724397,-0.184404881043966,-0.042252348752944,-0.018855855941658,-0.298948724652264,0.110202478656336,0.0022782615687949,0.170907873358404,0.0411303606375512,0.0617702998091264,-0.0694357445907095,0.045970695674578,0.0694250551863785,0.141148878349619,0.198781604697736,0.0656741945285009,0.183974997184073,0.00568631627240813,-0.0792184021705557,-0.0811690215011598,-0.183131250916772,0.0593248097976977,0.0621611552315877,-0.0645994040305011,-0.235651826686661,0.0194799017310832,-0.0874976869778167,-0.136948194881525,-0.173475073009568,-0.134773785691023,-0.27753595639475,0.115438767432839,0.119727680699898,0.209233101824747,0.0395595013640279,0.147949751372691,0.0578281198474288,0.095687295450213,0.0289447102161227,-0.0356843282446036,0.0611613675744317,0.0993819469005763,0.035989475949034,0.130084524846743,0.185873142358428,-0.0925235605884843,-0.136736199387571,0.0418111958407511,-0.057456358063828,0.0798350787733078,-0.299153250208406,-0.227931311385533,-0.213245008728242,-0.0426102395497079,-0.108210402565955,0.0488034924730097,-0.0223224794186034,0.126826210204051,0.19978799472729,0.0879554945888626,0.15597490548007,0.00558358212754346,0.0276236569409243,0.0671059986442148
-0.159592181545142,-0.0528127207364197,-0.180007976756895,-0.124194432269587,0.00786459082047292,-0.109121036067482,-0.112933134032965,0.0643018305030747,-0.0453311815161417,0.0751815347633149,-0.14239830159989,-0.0773111103518352,-0.109940159644319,-0.0631169876100061,-0.147518703455127,-0.0823176839645356,-0.158974478409811,-0.0754091856236926,-0.114146634015525,0.0460737402748823,-0.214131283520113,-0.166646202555184,-0.16425481425688,-0.114165517181521,-0.163760862503031,-0.115247205723923,-0.0644093992503968,-0.122089581654192,-0.128186864311706,0.123964793751389,-0.00374076924449045,0.144522467874987,-0.0134861736513973,0.0506469455084519,0.133324409820873,0.0634730568657531,-0.137232448578435,-0.053216655975992,0.260312608773916,0.0753980750322855,0.156944359428985,0.0697335143041748,0.254025251668276,0.136268068939654,-0.142134052044396,0.0515703263534863,-0.00566929241939251,-0.0847789883618969,0.0638408419909583,0.0521399874273454,-0.066736581465998,-0.0541424017881976,0.159447884771546,0.0313381997516423,0.0916577948667768,0.0478426096270235,-0.0548620643083794,0.0242379059878534,-0.0445153258071155,0.012763344942966,-0.126148807624334,-0.158643110583688,-0.0818139619886585,-0.109748654266245,-0.01953990846674,-0.0284114775228419,-0.0976780698411816,-0.0136968188310965,-0.0637714236796601,0.0404582688213154,-0.166412268929991,-0.140432538964406,-0.018261193520088,0.0508838545347825,0.0517132255716507,-0.129545638348324,-0.0898828461856656,0.00687909940344253,0.0401085356335655,0.165188492740767,0.195465169929402,0.187192532397225,0.0777717829938165,-0.0317723803555119,-0.0901633422066857,-0.0387054245489265,0.136136350817786,0.0170954005017659,0.154555933844089,0.0289059735914955,-0.0716038710420277,-0.00964219025337462,0.150285432463885,0.123271964178198,0.156200179603498,0.16584366706136,0.261104474677072,0.266108320102318,0.0582628014077184,0.0723880201611571,0.19576823075102,1,0.309901858904677,0.323405816918709,0.199638713172692,0.519858204215701,0.375916499254754,0.639462154800826,0.21523543045422,0.264215905477914,0.429688270837208,0.415345658805756,0.445579556655461,0.543610409233131,0.284059226737624,0.249277731914838,-0.0551110632195934,-0.0655117656750468,-0.0625051267199288,-0.0503754878922205,-0.141874681388939,0.0355283905610721,-0.124043528632556,-0.198630730939241,0.0218235559223098,0.0694175741545945,-0.199262348656625,0.101645061027841,-0.0627109644276565,-0.141150209431138,0.00915920881639764,0.0907984470462357,0.276058088088619,0.114512215973641,0.14701211246185,-0.0178736216036141,-0.201130238877769,0.0498797031138416,-0.0505700415702606,-0.00296517731282139,-0.155268524575126,-0.0274075112641312,0.141909306569291,-0.0706239119820133,-0.181424781467959,-0.191283178223745,-0.0397511945907498,-0.0358385274128443,-0.0688263134110381,-0.0167062883783704,0.190829854922149,-0.175865548387502,-0.0418437332940255,-0.00495000475078683,-0.209294133260034,-0.138548953359875,0.08721819492912,-0.082194720460189,0.0925422064469427,0.282361758000801,-0.0732593794846259,0.0221100984716308,0.181240807472854,0.128073534386757,0.150143231923634,0.0314892457591355,0.0381258735763917,-0.0865887954680819,0.247204980391092,0.0713210800396597,-0.0882646764007639,-0.045731895650426,-0.0419079939841204,-0.0393054399467635,0.161905084640061,-0.0683444607441093,-0.0520296893956446,-0.182233562015862,-0.00750447423952225,-0.0714897565856154,0.207298199442343,-0.117061184352795,-0.0663744529491171,0.153246863424587,0.0515908800309417,0.18937965781146,0.0884341373421537,-0.0487890269263027,0.109703786811043
-0.388816665426052,-0.223589600922562,-0.433480891414808,-0.276153836580942,-0.21646941797547,-0.302349953061437,-0.420032519142296,-0.162768763199628,-0.376680998660679,-0.136920057804555,-0.455462673830856,-0.331429551933286,-0.46127733295291,-0.311847571035888,-0.502565881911648,-0.319681604851816,-0.454226244345922,-0.335725172033547,-0.213818380697438,-0.0243456920317592,-0.435402573766911,-0.327116238698511,-0.41506116088911,-0.326262859080587,-0.430186711011949,-0.37356882466797,-0.166115569083283,-0.131874852669506,-0.0990835859034988,-0.112860146414632,0.157790230618285,-0.10492071463436,-0.157136926077521,0.226989586117638,0.267403762992596,-0.136439991761343,-0.402583321247034,-0.27687955895214,0.0775487493449975,-0.242130028897767,-0.20714960807054,-0.23491499125305,0.112448456413612,-0.117865404523062,-0.382220446746119,-0.0544542148350183,-0.298356200591813,-0.213445946823629,-0.0565619721671741,0.231652185553216,-0.289202487566813,0.231428321027804,0.193777566561409,0.281706922239316,-0.108349134242323,0.153739357386852,-0.158893077009286,0.232350417157263,-0.134110853033657,0.186886503564416,-0.310548572185037,-0.277646477739108,-0.388095296024129,-0.312692318645342,-0.19113816039383,-0.144316516695448,-0.327326314789938,-0.234974325006358,-0.194848393436751,-0.0788659835761435,-0.43892011075537,-0.285060902109018,-0.296993947606235,-0.0344823315546141,0.0388804179820458,-0.206098816596203,0.160505306426981,0.152879439214289,-0.0281773300280201,0.15180465267154,0.28184528238994,0.268895313877873,0.193255106751032,0.0364702225355009,-0.249747929196752,-0.157357524342911,0.0740840610149919,0.0464136256390245,0.0215567320653768,0.0352517632357644,-0.382133452178537,-0.420844378988475,-0.0535128331335907,0.0637894673341999,0.516081721608688,0.56332306493828,0.32039623347272,0.322257068167731,-0.21342072724871,-0.21802640012451,0.180051134707424,0.309901858904677,1,0.628729866551472,0.420364933386304,0.492043315336283,0.300265391880279,0.218829958831749,0.510439501060247,0.469346205148907,0.614284809908923,0.435364407974187,0.605122298361165,0.551951262631362,0.482174048964949,0.440962364087924,-0.174256723071978,0.0143888678296212,0.111278103597336,0.186205642387606,0.0739813821383426,0.323327189838923,-0.0230994229027702,-0.136736528479932,0.226330629145223,0.0729909222399693,-0.193020176280042,0.294157462745451,-0.0203004039863623,0.0894799612487778,0.0381297122628595,0.131678961378379,0.314209851505088,0.239500348252948,0.281040152780335,0.176574567823421,-0.381184556350519,-0.0707554960435609,-0.346437460205382,-0.206419789982785,-0.286003526147163,-0.0988858446701185,0.224864683136335,0.165044593059516,-0.0848155688300415,-0.162221389597515,-0.217980200033932,-0.163505908124534,0.130664456253116,0.0573130502561276,-0.0142475838144063,-0.391577382597043,0.237292657440129,0.216808626867227,0.12970237588425,0.0231072031355191,0.196764469670044,-0.132342075624691,0.195652622431997,0.41270090882251,-0.0937453317923257,0.116103216278062,0.315750477820088,0.263222289418955,-0.024723441657878,0.0517193252404918,0.338048398644132,0.201872433147974,0.2001363358738,0.230381840337438,0.236954505718451,0.21565214651429,0.17826671983087,0.0329697693471947,0.292995199305926,0.1907844225972,0.255217880155032,0.0156925803220332,-0.113367528631959,-0.194752630828471,0.504762699372012,0.0900526786213304,-0.223908845857481,0.15808184517009,-0.184602522356543,0.355588104617152,-0.279289648582508,-0.176614756635174,-0.00126491462112781
-0.289731720181949,-0.113183025859051,-0.340913608900678,-0.222020301724512,-0.219401380203033,-0.219557913973951,-0.31355894521393,-0.0383870929704192,-0.329404644398629,-0.0560055945682648,-0.33692439899232,-0.179153001757926,-0.355894303755452,-0.222587909648164,-0.358196210140662,-0.213089463684945,-0.3979773673477,-0.236215659668214,-0.221350710853756,0.0275043716993363,-0.347084992060292,-0.221581737678286,-0.445605640454137,-0.210187065162658,-0.375059448129755,-0.218394151479286,-0.241010578444736,-0.111945915082465,-0.243034959715254,0.0667245100031005,0.103739449861233,0.00652905039911389,-0.157388229822688,0.213276892850531,-0.0106319771560267,0.0326304131620685,-0.332135515893594,-0.096637067520078,0.0274149539576676,-0.0500027011811215,-0.126285190862615,-0.0649969670460408,0.15425716807891,-0.0291477105495461,-0.321426437820389,0.0955653632483952,-0.189800157307148,-0.197782400706639,0.0713372906223195,0.239104743974361,-0.28624754427328,0.20501241509283,0.227644574756067,0.219374530068639,-0.0354072565688549,0.139392215675046,-0.117102245100876,0.242663125103154,0.00616311760875237,0.28860261171529,-0.189161778774241,-0.151290170792488,-0.30886491001527,-0.155196724029419,-0.0473198153660797,-0.0288326806536724,-0.207991427801647,-0.108984754620624,-0.101761798099078,0.0684619660426942,-0.37062444356187,-0.179767729841044,-0.316277260652891,-0.0953267646075643,-0.03960975607338,-0.150758050761392,0.124552620106975,-0.080716744980009,-0.0949695951765388,0.0540869359946932,0.274500503611916,0.20190352454246,0.0267895588073177,-0.0676748742696176,-0.158630251406311,-0.182797012502436,0.0835865959829045,0.0849270495495641,0.0712894264872111,0.0575608465400382,-0.258274200628907,-0.335484283593723,-0.0528265548070531,0.105622133051582,0.447118799492807,0.54175969442081,0.256932263588808,0.434752139795061,-0.093963269490832,-0.0421058286147959,0.177786930484782,0.323405816918709,0.628729866551472,1,0.419405437248369,0.540415689752141,0.183252176369615,0.267813661764701,0.446567854489176,0.483866796864831,0.508600139597751,0.661760379213062,0.616760247233242,0.654268389690664,0.478129743539797,0.423654569575473,-0.262815898617038,-0.0669783304144892,-0.0783979167611201,0.0331892033072532,-0.0683828290637504,0.124233015047397,-0.169556721339344,-0.106803997745044,0.0983846927523115,-0.0203782615923786,-0.250881502189656,0.260184148674745,0.00412958688488047,-0.0421663143852688,0.0389429541578183,-0.042616178577137,0.162832300205651,0.0975776203373709,0.143709901989573,-0.0105830131877156,-0.330777515115181,-0.100152360218043,-0.227894297665875,-0.0309779913124847,-0.255865680109604,0.0298066564895129,0.0763956872788897,0.0982775588654454,-0.211884607380326,-0.251511693706634,-0.249155693086972,-0.0732785080969146,0.0802468117253249,-0.0110485005802958,0.0336446151853059,-0.420280346779393,0.00991522869874432,-0.0505757038702237,-0.0317197172115037,-0.0199361276322841,0.142536951150247,-0.1809394989657,0.0667394260719835,0.287742158671009,0.0493348749959481,0.202894848939222,0.350544262016645,0.336494413891967,0.0417948862571369,0.110505498363844,0.308069239944056,0.218704900326466,0.215965374938865,0.201098804525006,0.117518027382465,0.0670186349284538,0.141227215961377,0.0265313331738292,0.0598214051783509,-0.0359052962732247,0.0710588606282276,-0.129532392519932,-0.0687887594064062,-0.25960228668936,0.481770687472859,0.0265764018380269,-0.090068658120655,0.164955735001787,-0.0550770324422615,0.260439208054557,-0.152776235116057,-0.103202308527753,0.164595680297199
-0.149717958534908,-0.0372788343412049,-0.201605222172806,-0.097044096723478,-0.201622802951597,-0.17727781928253,-0.128920221955011,0.0248678538056853,-0.106767384913419,0.0423952377499484,-0.200485275011427,-0.120592482488432,-0.178583188326424,-0.0802185075340547,-0.202604072826254,-0.113486610978498,-0.173824330873173,-0.122750682560241,-0.0712248826090582,0.0506979652629633,-0.277193908140576,-0.251771842102869,-0.366449623498989,-0.302766071895262,-0.277794717139247,-0.185848449536322,-0.125145728737674,-0.229921368575272,-0.0346774766387256,0.0110481578919371,0.247528009287304,-0.0961726792911127,-0.316522469823889,-0.095439285496829,0.189473145143428,-0.0214225099685293,-0.157865756578248,-0.0761118650562371,0.0310422591432959,-0.192710866969719,-0.05095594376747,-0.0615928159692083,0.223732024747865,0.0290375868614327,-0.212294165173822,-0.0652741495638494,-0.142580383803967,-0.0903898859657934,-0.124807243174382,0.0233998714565866,-0.241193022840456,-0.0757878622705188,0.106430268505556,-0.0602787415230613,-0.180146686164155,-0.0138412880189974,-0.345719521433791,-0.114719118367784,-0.353713743874458,-0.129603619007975,-0.112706490818465,-0.0960680168699692,-0.328332368058383,-0.181573518577462,-0.120939890952766,-0.25162704287918,-0.131519939144558,-0.0500516525325651,-0.201415462937571,-0.260408977910777,-0.189174949635297,-0.108173084510593,-0.112890841039891,0.0691150955363455,0.00962118055447524,-0.154706741304627,0.0943119547160015,0.075363737365022,0.147455795453117,0.220208252328968,0.434558257763807,0.345576601171465,0.238709304223129,0.131275954762229,-0.143141650688486,-0.133779277123712,0.11644360437676,0.1486175828387,0.0481258950592856,0.0301818724992761,-0.079946804565909,-0.2089809090916,0.012021638360776,-0.073517500141851,0.328725719061831,0.395682046587845,0.295144653860674,0.218752677363158,0.0132587829934298,-0.047034091173936,0.466773703533498,0.199638713172692,0.420364933386304,0.419405437248369,1,0.585703462155159,0.35909085236672,0.0929138001190528,0.28218229937277,0.333415529515659,0.532713269602897,0.32797651998375,0.438716251803257,0.356696361916581,0.326463537306482,0.271091595467971,-0.094612495314198,0.026244753799326,-0.107623326628307,0.0683436726265542,0.0286309904213089,0.043400538721719,-0.0297893826722213,-0.0540293142120424,0.0475361300111264,-0.101073717533826,-0.081821543610868,0.178659823591425,-0.0744332488672756,-0.0664921905859571,0.119189059136934,0.203704879350119,0.346624283186253,0.3323601143786,0.173749051865884,0.260335089584832,-0.122543490186191,0.123314536086307,-0.081876627790937,-0.000810297452081048,-0.174572927991006,-0.156047816065003,0.107616653581168,0.0982791085842875,-0.104075546180694,-0.0927126371907469,-0.00255333401764656,-0.0578945152739366,-0.116146034020669,-0.2624229589056,-0.186822372225874,-0.342052170356672,0.0204780865024564,0.18315695438647,-0.00535016622314223,-0.0950258857255631,0.203300888161517,-0.0358688233853909,0.262310349287449,0.279773800724592,-0.0292614724099245,0.0668334529868495,0.273418182072194,0.0511449686045874,0.1234017705375,0.162730702087074,0.0896187056302242,0.0851500670933405,0.144381921287848,0.139982060406683,0.0152947818527178,-0.0218100614241736,0.125738653437458,-0.155102950306156,0.17130765953702,-0.0959774731624816,0.0607896299482966,-0.152448498013987,-0.322061686096678,-0.137977097833119,0.27392536935004,0.230351337340747,-0.0465384101687714,0.216523774843556,-0.124563393873482,0.158628643246494,-0.23570231553043,-0.116226910255661,-0.0158315513090121
-0.258820840490765,-0.0612560665289814,-0.32066225784311,-0.198027567048822,-0.210826802700665,-0.250020347764873,-0.206352951683664,0.00610045002306968,-0.198844702896204,0.0113642807355453,-0.188880252598515,-0.153799700859696,-0.253676665382606,-0.145847524805849,-0.249422098197775,-0.15849602563546,-0.301887836456712,-0.161657421296192,-0.185619670991207,0.00622654872101866,-0.389435784842106,-0.308901019865669,-0.405316545482002,-0.273450420191353,-0.289831650769011,-0.18420379282321,-0.131894150981243,-0.22594694959051,-0.175821243879304,0.104579566836036,0.231288251522544,0.0361697395141706,-0.279077482070749,0.0286530586070899,0.206599946342925,0.0849219798243051,-0.186756010801755,-0.0739363491045992,0.106985839493872,-0.0709692022534591,-0.0018810238643372,-0.0201756320903246,0.304523923927985,0.118672130419862,-0.270377846864796,0.0552346207674438,-0.112391783076981,-0.112136863431694,-0.0243239807139902,0.179773123069652,-0.297797521501635,0.00802757323457494,0.133633376436702,0.091041814336606,-0.0467888241713384,0.128273418092951,-0.319551782083775,0.00807472424101978,-0.271544623898246,0.0433238171034688,-0.168731065138673,-0.145207426109826,-0.288460553083635,-0.137163397070573,-0.0411569816636309,-0.0587642434474343,-0.165632320714695,-0.0424648039784983,-0.207748226877819,-0.112716421755841,-0.240436007311305,-0.111341302941115,-0.144967762771733,0.117690615446459,-0.0434265846406813,-0.153720648135052,0.0514966011852255,0.0389397935925402,0.0985766981602717,0.26041443041834,0.344554032929012,0.445784336383971,0.209229364949836,0.065851236833841,-0.126088855289164,-0.1351781730657,0.118241840210822,0.06202787604645,0.155165938658111,0.0559961458874254,-0.0879573337206415,-0.189101575903746,0.101956263906448,0.024497138980122,0.451018807371928,0.461500026843207,0.360693365681896,0.298081212304881,0.0590102100450374,0.00552255951906025,0.261284173390988,0.519858204215701,0.492043315336283,0.540415689752141,0.585703462155159,1,0.280837942739941,0.306936012357307,0.330570039344763,0.445876667583692,0.541915906333431,0.548991979863888,0.505118371101033,0.486197113876773,0.380688798932418,0.318841113562406,-0.154661506597015,-0.0116951911959492,-0.0905215198451882,0.0556138239136116,-0.0109144841898004,0.146104748075928,-0.170951834674146,-0.0877679448696867,-0.0723627242660947,-0.208935772226955,-0.240997035389682,0.179947883857822,-0.0982819711677191,-0.126874697232693,0.141338213739418,0.171104951476972,0.3609968360136,0.293538057095232,0.181393396137707,0.126859836357518,-0.156202372935431,0.131272965121469,-0.16653015170159,-0.0157685326468192,-0.272195579278589,-0.0600008453433066,0.136274836598043,-0.00555696590352272,-0.171828317740838,-0.153960561383419,-0.0701291157005367,0.0220167733374243,-0.177768804541385,-0.159649619386128,-0.0905445622546365,-0.277400480137717,0.0186709237137373,0.109915211417312,-0.11250149311699,-0.0644785516660346,0.314441970718943,-0.0246515626836117,0.284067298907947,0.404608200031366,0.0133263765808782,0.121523643495444,0.327857197295076,0.181710377197516,0.157799237966177,0.167654505136633,0.219721897272481,0.135491591230179,0.316944778566148,0.10196662319116,-0.0328972462331825,-0.0778652930327126,0.0728212738474494,-0.194416438084472,0.107711172316192,-0.100960557993351,-0.0480332674389174,-0.304473744750614,-0.21683048856628,-0.139116176792769,0.313777184421806,0.173653654634551,-0.0383563789886557,0.264571323843552,-0.0065342556159459,0.171443961281814,-0.0880031350120002,-0.132755631607873,0.133064154532037
0.0219280239278515,0.057115468075876,0.0408525509174606,0.0797149314544614,0.115354180666724,0.08455436403512,0.0149086260818602,0.137158115561764,0.0851653123247495,0.216745690789086,-0.044711119259041,0.00645702614429646,-0.000338985331248024,0.073540896059094,-0.0579073600673491,0.0145715043489238,0.0332896148320208,0.130957009120756,0.0803921344195611,0.193915143750472,0.00419200618350523,0.0327327196548065,0.0363910953246284,0.0743167560333224,0.0383645890351965,0.0234332038497556,-0.152290832969206,-0.0288808355324699,0.021715606063133,0.107086701751044,-0.0143290112082906,0.0743252584208281,-0.0381058078501386,-0.0206385649619607,0.128857593162318,0.0650453576664323,0.0224964225057619,0.0710442039056492,0.297542532003662,0.0447611151156609,0.155177078760443,0.0665338710748596,0.220788376219937,0.05313468545127,0.00765646039603438,0.158970701077572,0.00665606079873559,0.110033993510157,0.044030363847526,0.031748638241985,-0.0841895271857265,-0.113929913788878,0.142296430547874,-0.0739166943757531,0.0307430252706986,-0.00315425320163112,-0.0322128263494075,-0.0657052850506964,-0.00714142498443391,-0.00697044255439917,0.064676914246171,0.00459530025423474,0.0416989434678613,0.0475588479457258,-0.000669802342482055,-0.0195681533120524,0.107477299201641,0.132469108704409,0.0138549160248348,0.0834589556302752,-0.0174962780125469,0.00211203337349223,0.0587047174825053,0.0814362181107923,0.163022351627646,-0.0265767614527356,0.118597990411932,-0.0702565324813453,0.068074320057974,0.108540196505165,0.128048190458701,0.203288121523939,0.00902895399453522,-0.0297057242203318,0.0508769897166643,0.0975603140373791,0.142906909022612,0.0230247716892741,0.0372104630982304,-0.0200726656780357,0.0694418781888754,-0.0179980965301827,0.155067293772708,0.122647611714842,0.11008020414346,0.131861383520328,0.194254026021561,0.2160446870777,0.148045445254819,0.115762348837958,0.597876737177747,0.375916499254754,0.300265391880279,0.183252176369615,0.35909085236672,0.280837942739941,1,0.573662250581802,0.0784505245669639,0.133832466364062,0.543582365381004,0.330060786881769,0.399361086376322,0.450151014676322,0.154755732251359,0.14217135357961,-0.0243140882669879,-0.172508691207048,-0.174730882402933,-0.208671584420346,-0.182640498663552,-0.203195279292359,-0.180197409585741,-0.177411880070983,-0.0976335248676871,-0.0564983632669381,-0.179902541035034,0.00893060728811435,-0.0992608315497679,-0.205265593122165,0.102503469158434,0.000958242091132616,0.160887125398287,0.0211526873683945,0.0558129664803988,-0.0580902755696983,0.0128470150346864,0.0696652623472185,0.0776309985791867,0.102992758190951,-0.010549474885445,0.0868736796281024,0.0134074494782006,-0.0846685592028638,-0.160220024280322,-0.22714589488897,0.0848422901268463,-0.0204724296877151,-0.0901043537207712,-0.155456327498423,0.0572126465650129,-0.0820203105537467,-0.0453340534480518,-0.17456872282305,-0.108663760254157,-0.252938021581045,0.0481464588355623,0.0272051041080241,0.0873407278527142,0.212114374136107,0.0778424490781536,0.0491073717381425,0.0607964560149992,-0.000637078749821176,-0.0331392485535524,0.0673923878008424,0.148297046658457,0.110678874919832,0.144688924422179,0.150174254986081,-0.102934777087105,-0.121386788585738,-0.0292600600085453,-0.0140337715767331,0.180081970479306,-0.168163948304083,-0.117480215980332,-0.135599159128722,0.0140805760490501,-0.119787543231439,0.0502399099220282,-0.14318657941262,0.0847980604305541,0.254594370888771,-0.0145077206024009,0.15340151833155,-0.0202594485693015,0.044096758629117,0.140958383630942
0.0855679529379208,0.148785793230207,0.081038152960398,0.0905469193646695,0.195260553766512,0.0970855391606778,0.131314728824735,0.252892779579308,0.171316828534559,0.283693412859807,0.109397562629314,0.103198399885725,0.11048560473909,0.155719926227703,0.0927645746727433,0.135696235237147,0.0799837565729345,0.13731746276,0.0716702615309091,0.169223654520859,0.0065984060257217,0.0691108011622727,0.0940803358551002,0.175050182255446,0.0898184890050762,0.128533719888307,-0.0925840438978961,-0.0240990221362945,-0.111782193339573,0.312631097848055,-0.101254036942997,0.219969269736636,0.0888467199968083,0.0407536028550656,0.0563666805683342,0.257536610410274,0.103881762940007,0.150787044691769,0.335612830473849,0.22020497255496,0.255267792673067,0.153025196529525,0.199229723125878,0.0812463310397328,0.0482135881794763,0.239329736126764,0.094662410580179,0.0714500108756731,0.0490489790040277,-0.0697953324559542,-0.176422052779835,-0.204290805819811,0.0751016302980837,-0.135747338318681,0.0682138826392933,-0.0349950303352342,-0.0910486970339627,-0.133076648346474,0.00457897046512128,-0.0772291635626632,0.116672944040428,0.0952386685831655,0.0881791421697734,0.113644119555276,0.162217079273966,0.159890805382873,0.211609822656031,0.244125073592534,0.0477478438172559,0.189676894460305,0.0778424888869804,0.0900409628542164,0.0527228027731971,0.0649912930267231,0.0926825438781677,-0.0405284016549698,-8.24732155339369e-05,-0.0554983773034322,0.0435854439075789,0.104495744780225,0.0742705762414291,0.118985788269323,-0.0747938214746229,0.017509400004824,0.123551679672917,0.12665489726324,0.186885221876939,0.0246515009541957,0.239999731330218,0.0628482783206223,0.089259782597149,0.113111143657191,0.280658029758921,0.14775024478054,0.0222399175757309,0.0474269788326113,0.240815212772693,0.233742336419514,0.221230552940056,0.225792719307656,0.261738889369533,0.639462154800826,0.218829958831749,0.267813661764701,0.0929138001190528,0.306936012357307,0.573662250581802,1,0.0335600678102273,0.0836754037570913,0.319842514468282,0.533864574170962,0.335707181288539,0.505327566585521,0.114170137171035,0.118065644574336,-0.0148847447085261,-0.135768779592179,-0.216586963134479,-0.263965449379424,-0.264687112439964,-0.149733529892273,-0.202421082090236,-0.110327689062085,-0.173994187335151,0.0499950983619635,-0.266761984669757,-0.0490602889758798,-0.101412124261112,-0.237526589599727,0.0396914706003717,-0.0354833114601786,0.0491821784015693,-0.0231569860791079,-0.151897488145968,-0.186159868887945,0.0572074697104279,0.102306660764413,0.147222597286352,0.227298042173647,-0.00328060222419165,0.168275414363486,-0.124750727924785,-0.154478842570201,-0.210022263385096,-0.235944811102709,0.0762339616764851,0.0715448822075617,-0.0901183415747395,-0.0970649931130413,0.0586873759066368,-0.103658115491278,-0.113498174116213,-0.225931910173671,-0.206209171774864,-0.226838995749995,-0.052326116398298,0.0558340383338492,0.0477972338900719,0.211449656739431,0.094591639517661,0.104699206854761,0.0854261825813278,0.144141711639308,0.149953728994705,0.0563512449569112,0.167462854942447,0.131969321206867,0.206024438816253,0.0735235968272847,-0.219871888516997,-0.193680869650842,-0.159915731999199,-0.0251082806812827,0.000870632975176906,-0.205521203763256,-0.172323267622934,-0.224757341675556,0.160924842607191,-0.149155509101986,0.0285273105247692,-0.158316124128943,0.19071665550264,0.184973493579123,0.215375331317083,0.145993804819498,0.229461492880587,0.127086656706914,0.230514381777049
-0.698815382059836,-0.532592572060958,-0.730443994807085,-0.640781473424989,-0.393682366739417,-0.55791082238814,-0.729348792005073,-0.474842219477873,-0.613962563851493,-0.403072746454654,-0.67882528595138,-0.583086338919155,-0.734245401944849,-0.62820387972756,-0.739139773109668,-0.607502708955124,-0.758415498373638,-0.657162496560324,-0.480662985942547,-0.380254198790455,-0.70544156733254,-0.649114139085732,-0.519669287072142,-0.473628382330334,-0.605878955210176,-0.603852137648448,0.128236472060871,0.00169983519453645,-0.00671972014778043,-0.280230287563815,0.252853952280295,-0.274301085273356,-0.118006470246929,0.486554733304089,0.36397258735318,-0.368144485127556,-0.590745159874749,-0.503440557104892,-0.0138727092059699,-0.492153261598127,-0.358400268495175,-0.453868500627589,-0.00632803044310042,-0.312778514234481,-0.689019072694416,-0.375331104339681,-0.543000070760355,-0.515262816712387,0.0191986578749342,0.488187375845183,-0.122206874651767,0.552509178919908,0.103191086488648,0.590750030681775,-0.030186424107104,0.39147113767633,-0.0652606954299756,0.505639397596966,-0.077209168516168,0.403648457190624,-0.586564485101384,-0.536427869601714,-0.661285939500751,-0.520301479066605,-0.528914401219515,-0.43575323973365,-0.592077984960573,-0.499840785524861,-0.291651205157841,-0.194236195075699,-0.65849661660798,-0.484895410154216,-0.54770854213554,-0.320825119187851,-0.270604720091878,-0.406846839739716,-0.189290163268162,-0.131009439554259,-0.377282811318616,-0.0732675003028999,0.0670469134456614,0.173477923536663,0.0608978958298967,-0.268455090177859,-0.708138682829005,-0.659495440295685,-0.242180931118586,-0.130518563919378,-0.24658034936321,-0.242741800684065,-0.732056187069795,-0.701661018185276,-0.285053014884547,-0.0756885746561684,0.676167879978956,0.727470164158717,0.122020357784527,0.176199708483549,-0.601857445321917,-0.640377130179498,0.0489227793961378,0.21523543045422,0.510439501060247,0.446567854489176,0.28218229937277,0.330570039344763,0.0784505245669639,0.0335600678102273,1,0.842106121993375,0.50420845509514,0.274311132705653,0.750368448404214,0.526167082511876,0.935701815136496,0.916314465736189,-0.153217695253718,0.0516979069918166,0.419471260931357,0.503950949197165,0.363099495532942,0.60850146402071,0.0937246456591141,-0.19315651092876,0.565754746202825,0.196756595697447,-0.152919814333932,0.458588226513476,0.20169728823345,0.193150602730747,-0.356579920504616,-0.106930183491909,0.155298687496297,0.146682360826855,0.439819942148086,0.0918445175803536,-0.676404769546527,-0.289931503379767,-0.626891117213448,-0.452592429942237,-0.528870376657929,-0.404595463145565,0.434844773272743,0.183522130228364,-0.277926292406993,-0.226644480865235,-0.55236525140221,-0.399086460247767,0.301140386584386,0.326187060593924,0.0474160413987151,-0.337052631323354,0.21227610243191,0.253541632641469,0.439612384476388,0.28496090069678,-0.00224336121733646,-0.447726463240166,0.0750307604343153,0.186586169084691,-0.523778029846048,-0.211635625132127,0.230504979994706,0.204498252813231,-0.0750033809541142,-0.0942935960048033,0.112208217556641,-0.100874088477083,0.0734501300617693,0.0243592224681866,0.386709227714537,0.588452337499843,0.437079433105788,0.232114290070343,0.392698257600836,0.35929766327725,0.570428442799373,0.33606463267111,-0.0303448008072831,-0.0950279309213273,0.927167458510151,0.128545757431665,-0.469062542857623,0.0860853383825079,-0.366230764141157,0.368804212116052,-0.421853449128782,-0.276101242348954,-0.0429798018275817
-0.604081311668651,-0.402841347464403,-0.636963815916791,-0.551660099241507,-0.36164220482355,-0.48286727909734,-0.645301661123583,-0.389711609126536,-0.567035136905501,-0.36997298359882,-0.576282953362772,-0.468855282067043,-0.630396843551824,-0.521203212605163,-0.618419390795271,-0.490639588299629,-0.656375971867398,-0.548159913167677,-0.416179944092707,-0.28896854657463,-0.599192621109607,-0.524898890367195,-0.518213403817639,-0.435051198315923,-0.557117550022994,-0.485374296368015,0.0959560153426416,-0.0761653418704816,-0.0450015815303382,-0.215174076048327,0.365340966766181,-0.243788928445702,-0.178086891810957,0.373017424546235,0.286817834416996,-0.220447161126333,-0.509603663871504,-0.346686303644523,-0.0476093173564975,-0.382862092092268,-0.298264693503039,-0.302224614440505,0.0565440500415866,-0.183154341643201,-0.583155904535897,-0.26532075964862,-0.40615331039041,-0.371775811469721,0.0573697041870476,0.491086897536251,-0.134800123307013,0.46314920638214,0.125990861194473,0.518377819945988,0.00246536636818315,0.374244345986055,-0.0940099939230366,0.410727387453387,-0.0873612864396231,0.360304130368917,-0.469410934195825,-0.413917434127366,-0.542404855797004,-0.376298637357747,-0.39940280311331,-0.335802890250648,-0.499780252966761,-0.393031038971885,-0.254670472270269,-0.16375260812446,-0.562794935416191,-0.36598925560924,-0.48001111198841,-0.199491487068945,-0.158513893506833,-0.292493290448499,-0.137709823569102,-0.155436488468033,-0.290824149991671,-0.0244676060304707,0.118504763999959,0.214628844537667,0.0996481899643638,-0.225861796156741,-0.643959101480967,-0.628102750283164,-0.174165795311948,-0.121016693148873,-0.150166709408784,-0.222666269995498,-0.594682752849064,-0.656857324772156,-0.148040251178773,-0.0557980399776034,0.642049818796564,0.67036405372924,0.197276171321544,0.141432460311477,-0.455505056754009,-0.547279623550381,0.139505987788855,0.264215905477914,0.469346205148907,0.483866796864831,0.333415529515659,0.445876667583692,0.133832466364062,0.0836754037570913,0.842106121993375,1,0.531448742963467,0.404296162633584,0.76002769926973,0.615452780103411,0.872487917396281,0.868748675404208,-0.233524556428642,-0.00410875190979246,0.302722118392686,0.38182928325878,0.253111347773766,0.489155541781343,0.000704093576004346,-0.17353528116598,0.390918814287496,0.130008172467481,-0.205731199421648,0.36980279821826,0.154528344946822,0.11105676428272,-0.231284686101962,-0.0826240694549731,0.199001736292604,0.145341705546965,0.32115071595218,0.0151861123599449,-0.550730732005688,-0.207173499313383,-0.506917642344597,-0.316263312926119,-0.42497361928641,-0.298536560740099,0.406137729599795,0.108609292154052,-0.322346271274036,-0.297943079367371,-0.488746544417921,-0.282840637982206,0.186735422499213,0.14997692690029,0.0550193862620649,-0.326991891395062,0.183381026287343,0.186243837262112,0.283511901393715,0.174231781935647,0.0290445056190158,-0.292156904447475,0.046732671010757,0.229465171480526,-0.412989044350814,-0.0666555522294709,0.221833702686699,0.174070187792869,-0.00709535156817256,-0.10313475135862,0.0635888702546636,-0.109138275486883,0.068790844116464,-0.0439645984943651,0.262013565858817,0.446240882333802,0.393741511349659,0.109732207506953,0.351724299372658,0.21809454897076,0.404295592020251,0.142349464002413,-0.146166761271165,-0.0768186266453713,0.847105625705417,0.134400695878271,-0.341281754071767,0.00443665102481763,-0.230255848322882,0.288549256265143,-0.36032154235053,-0.240614426763484,0.0161192303966889
-0.361410389307817,-0.246579158259563,-0.378280722115244,-0.294381755502429,-0.195183654322397,-0.248409434017177,-0.378488767567315,-0.125255823141482,-0.301679101477219,-0.110793547827085,-0.390949572943012,-0.264535695763576,-0.397390831240209,-0.269069787060581,-0.436106362192906,-0.281255998083279,-0.391997854410035,-0.251341314883812,-0.241584935099824,-0.0639051337087084,-0.423800116615477,-0.362568438353091,-0.36709719172702,-0.300492414145852,-0.380470808798197,-0.322780875819966,-0.10732151360224,-0.120427580875267,-0.0479158417762667,-0.0689282639158299,0.137764565696326,-0.0486106527543496,-0.154103825369524,0.138837539831465,0.270295848782213,-0.0974598435751731,-0.326558353177253,-0.158200464826937,0.207538603740144,-0.167003515965317,-0.0850899106952842,-0.104578851242447,0.225367354957971,-0.00937118559070588,-0.349827996676841,-0.0570355794125759,-0.220379772749038,-0.163277673166606,0.00515219604382457,0.265167825355718,-0.151281560719554,0.195357379965274,0.125282090695624,0.251190533009552,-0.0398698357647647,0.181237274592898,-0.101875363651572,0.193483649052308,-0.11356681416197,0.158791975516693,-0.28259092048483,-0.291376232861997,-0.402467806114369,-0.353979704565883,-0.280102037175518,-0.260541596833324,-0.263393366891944,-0.203774525204701,-0.210094018300196,-0.0657234762194366,-0.375417513905426,-0.234568885305406,-0.22479567750723,0.0694520092258623,-0.0211988984252098,-0.187305714795864,0.0376348781592788,-0.0827068419607337,-0.0617783039420721,0.128055416073454,0.245102409060142,0.336340595564582,0.148022867322888,-0.0825952395948527,-0.326320083114611,-0.254469663671504,-0.0547905115011784,-0.0432807957429442,-0.11059074520156,-0.123118331320338,-0.310663467375046,-0.444683985323406,-0.00729438748743866,-0.0220463032339818,0.489726569824219,0.501463424914742,0.314732905803667,0.207781059469662,-0.178063342106264,-0.286665156631331,0.318622369997174,0.429688270837208,0.614284809908923,0.508600139597751,0.532713269602897,0.541915906333431,0.543582365381004,0.319842514468282,0.50420845509514,0.531448742963467,1,0.580714798187096,0.753060294124381,0.702868946565382,0.541339760501984,0.514344834575325,-0.168710792774009,-0.0770046132183369,0.105176723297831,0.112124874952584,0.0377306522080342,0.198235140568356,-0.13183388012162,-0.25526142869583,0.183282274265304,0.0304735580782405,-0.260284333910313,0.274362713215388,-0.0776733185972612,-0.00686132705686626,-0.0403318457869843,0.0135953344251994,0.375406691573233,0.182922178465151,0.271281627961263,0.109976374212824,-0.324022008096467,-0.0634879500786206,-0.253383753133407,-0.196087610612005,-0.293368770665763,-0.139627926261333,0.194343160777987,0.0950365898115802,-0.2277234271652,-0.26007709336387,-0.197114656952914,-0.166303835085171,0.0438263267084229,-0.000309114219921076,0.0717840233577076,-0.299143797475321,0.0779484051706602,0.0688649728402023,0.11852253972156,-0.0301817959398713,0.139181487564666,-0.120510100269139,0.176435464223789,0.357496238900219,-0.208482702489533,-0.0971845345727406,0.272199721856829,0.167008692312461,-0.0673802711770278,0.0311562651490173,0.134906811514626,0.0157544696123246,0.130460684889856,0.0682420934611846,0.122911036489862,0.148778143336493,0.111578181255714,0.0260438250652012,0.321298650800823,0.0599775949746583,0.172168565241721,-0.0454747986462726,-0.138820624261171,-0.0638659756357207,0.476801457467242,0.0764156590385453,-0.196934654497152,0.29216905147977,-0.156478165490794,0.307247040436749,-0.243257220812814,-0.198732417106605,0.0244939187075651
-0.189751392024461,-0.018543089325052,-0.222205997670786,-0.165547859041428,-0.085094908555552,-0.130956439034776,-0.138782377952024,0.0848852293631487,-0.147542258452802,0.0399048478834884,-0.148236496295995,-0.0137516573965588,-0.154625911986863,-0.0540333373431533,-0.151024978760246,-0.0425394810068892,-0.212959655195066,-0.0537370344145419,-0.12145830844033,0.076011810443121,-0.222318568330915,-0.109153126665767,-0.303677127104847,-0.0749743883536595,-0.245591444789599,-0.0455184817392529,-0.193369317236734,-0.105574715320654,-0.194285288844184,0.196363555875191,0.0975563436727276,0.0972877480441814,-0.115303722785161,0.0954776398785432,0.0747622101050495,0.206595196159038,-0.06516005335968,0.144513508331705,0.162046421642336,0.120269605847358,0.13666936743408,0.171562706665285,0.251939133224012,0.181103203595742,-0.150720965321774,0.174377600741948,0.0022742244440361,0.0144833680712719,0.131090123835048,0.187318920435488,-0.161822457777595,0.0606102526191728,0.251719068437244,0.136877272188494,0.0941418245970476,0.170504827738632,-0.10190942151062,0.0595386274692531,-0.0345674659424174,0.109517028770979,-0.0986819721589352,-0.0704732749297589,-0.163262883711388,-0.0958445339480907,0.036925108468268,0.0343603826568713,-0.0456305531619722,0.0282915147865763,-0.136537248201556,0.08250001184655,-0.169683370653253,-0.0323420598926819,-0.161525968121368,0.145537052771693,0.065427401436589,-0.0634065618345531,-0.0268112954671572,-0.196802787294006,-0.0505370350379671,0.0794820582016277,0.16020240313933,0.301740958870565,-0.0166358883898887,-0.102290141445194,-0.0682493976087675,-0.13627675876619,0.0433874088419062,-0.00944923814576869,0.0982972277162264,-0.0390907054022312,-0.0804879594911617,-0.20322940781017,0.0595552883457978,0.0310077002312207,0.252247935221007,0.300995894731403,0.319657993980373,0.317758966068987,0.0758670937943059,0.0171057315517381,0.1902929212123,0.415345658805756,0.435364407974187,0.661760379213062,0.32797651998375,0.548991979863888,0.330060786881769,0.533864574170962,0.274311132705653,0.404296162633584,0.580714798187096,1,0.541582513209532,0.64329583323089,0.372291226069626,0.363668304152047,-0.265301977121872,-0.197181421880952,-0.1612411825242,-0.117147487984631,-0.159157310968957,0.0166487283467379,-0.268283964241069,-0.207417978696213,-0.0704504253705669,-0.0667326574300986,-0.308932466037888,0.132912148171579,-0.048313265218131,-0.159512500495324,-0.0285627450224234,-0.10030155017738,0.148134458301579,0.0721114432008232,0.0380668814957318,-0.135857147470135,-0.143500593901884,0.0229002493547088,-0.0987882514046262,0.0765982559876377,-0.142976581720072,0.10846757878892,0.000636735147765427,-0.0196680631464257,-0.238540535951557,-0.328804351624995,-0.104591089127588,-0.00575832256883542,-0.0503845502588074,-0.0885873023763024,0.0723681537144004,-0.275226271318007,-0.109029157385011,-0.1926021572118,-0.155432967135892,-0.0733139241185424,0.115588640647476,-0.0302843817183776,0.0971618121797245,0.335048528387116,0.0765846196876422,0.119256907398499,0.256897784951981,0.217190141725058,0.0824973005075084,9.11232165329561e-05,0.203377574248893,0.156713428343786,0.238403741471767,0.106521349963304,-0.0809170872821293,-0.0386688183498109,0.0331048598132431,-0.0235464687393665,0.0771619973863523,-0.17677165266899,-0.134986240378987,-0.310067453033034,-0.0688465483828172,-0.18373650612017,0.292597431019734,0.0617825876431698,0.0823597238545084,0.22155662746887,0.182997210802775,0.167637138644067,0.10389653359645,-0.0674440409609284,0.223820025517424
-0.518140214469964,-0.330052258969246,-0.554640866753727,-0.443455775954978,-0.305019061664444,-0.402857997185032,-0.55645118185591,-0.267171154148438,-0.467209044950309,-0.241456161958844,-0.511802438405882,-0.380043341327223,-0.574371769427045,-0.401349691281603,-0.59227411664407,-0.395528317916944,-0.566491408835751,-0.402097910876636,-0.320952264613511,-0.132125941486588,-0.56916677772052,-0.4989039115232,-0.54353146779486,-0.392850605368391,-0.530521064992875,-0.444228885772624,-0.0943859373902875,-0.142899437433276,-0.0270118712175498,-0.110326300285203,0.253648713665771,-0.248831811949152,-0.230897249534187,0.274437720705125,0.30031109603236,-0.126110565843956,-0.458999575850596,-0.281858847902898,0.0597957334936555,-0.341115865189336,-0.163305448566587,-0.266440702046688,0.123790320531755,-0.207589325707546,-0.553408090093882,-0.164254109540381,-0.373528452575854,-0.361825863703063,-0.0129207028146483,0.35773755615855,-0.230827611813805,0.363542157172204,0.145409363081572,0.387987599684361,-0.080027300229297,0.255901414475879,-0.146447717293143,0.310204928475952,-0.115852996021832,0.293896612898221,-0.343649680721777,-0.319408414325426,-0.501940755781575,-0.379730464591478,-0.389186656638158,-0.382251814994096,-0.352147534625744,-0.235509755405641,-0.303009064318925,-0.172889808538846,-0.495104013129675,-0.301969745082805,-0.386619806167581,-0.132185919547536,-0.12335689012329,-0.297011863332031,-0.0243531955546023,-0.131704896687515,-0.187144633514773,0.0492152371459065,0.257601615298524,0.305223992286206,0.126062918177061,-0.0990495692442671,-0.54251632059624,-0.509986855554122,-0.0832080216786292,-0.0594761123769922,-0.135337673661786,-0.171085499431982,-0.505979272887958,-0.577238566196193,-0.0833019134205892,0.0652699047568592,0.599407168235235,0.65862969455594,0.249704096373331,0.336076124003599,-0.305456783004317,-0.40449292050316,0.325104956007172,0.445579556655461,0.605122298361165,0.616760247233242,0.438716251803257,0.505118371101033,0.399361086376322,0.335707181288539,0.750368448404214,0.76002769926973,0.753060294124381,0.541582513209532,1,0.891219361391879,0.791385461325659,0.757761141378222,-0.0971934630792046,-0.0147365913832783,0.237981095627608,0.262209738350325,0.169907432236007,0.347785316467347,-0.0613159825255764,-0.154026420861771,0.357180268678749,0.176247834517597,-0.228633950944527,0.440476633827423,0.150247872194012,0.0389737411274923,-0.141157551384376,-0.0467708068820177,0.333337325814361,0.182795803665638,0.356994489909243,0.0267751500453788,-0.483734332161248,-0.135590775146589,-0.381970483375745,-0.191526388001046,-0.422306869691067,-0.230516022063854,0.319540098501671,0.122851531821035,-0.327326906897143,-0.336704214381463,-0.371884706267657,-0.226005623124809,0.216819927012521,0.101928970247936,0.0816953049529617,-0.371226207403967,0.179895286230683,0.099083743409891,0.246173956467684,0.0518409971463359,0.0779588354837394,-0.31355522578722,0.128124906036141,0.340099471126574,-0.336883607385936,-0.0906389779886413,0.33343239810851,0.301800912689191,-0.0303940936324162,-0.0851428371512311,0.164774415610561,0.0106798628806352,0.161194569380677,0.0218369578003751,0.25057204844968,0.376383263389506,0.354453481920849,0.0967150837326441,0.360992885847201,0.190747458776585,0.352525416880158,0.097945542361051,-0.0802797065379521,-0.154101159183648,0.741261838965959,0.0600846752604324,-0.242798177341049,0.252517023462798,-0.239323690540336,0.404090561458482,-0.365765120398332,-0.266939338571716,-0.022296225486215
-0.317012912448922,-0.141480156265882,-0.386506904272299,-0.290831239767094,-0.201829805842965,-0.260644644325412,-0.356809559793174,-0.0934075105743479,-0.311411545260986,-0.111303710125008,-0.295440601639736,-0.144131741653251,-0.341742546909502,-0.173743005183454,-0.349520577947718,-0.17955399554458,-0.377475169558272,-0.196456270284442,-0.277222011946438,-0.0266892958416492,-0.417860194547783,-0.315948417909042,-0.38865879612224,-0.178090132065835,-0.326707352874047,-0.211424960722752,-0.147313940236657,-0.115545499017972,-0.151479802620619,0.0794832355809696,0.172099655633236,-0.0730731478620549,-0.127580111334963,0.217199525514465,0.114020324645238,0.0800297816616822,-0.258365977014979,-0.0507612854742862,0.143507256178485,-0.0965368956127252,0.00787986309302883,-0.0611195899694402,0.158498156855691,-0.0707803326802429,-0.316305772781666,0.0490848139226311,-0.18812929646439,-0.197904383855669,0.0914451633721648,0.28731233066413,-0.207801954295544,0.232796125707529,0.156274431408895,0.258927155168321,0.0078114129911488,0.214318521787363,-0.0670122620855889,0.226059093755825,-0.0166356200802385,0.238700180598537,-0.168771735623924,-0.155709891656193,-0.35349903055836,-0.221490376875444,-0.225618843468992,-0.234045406450551,-0.162121727270352,-0.0583605797939468,-0.187653412724906,-0.0138197442229096,-0.277465839690516,-0.0986709529922965,-0.199072840120553,-0.0378351593434226,-0.0355198385978366,-0.147800954864306,-0.00627821321883686,-0.184597836364188,-0.123412205415079,0.0464769380980006,0.221988714100935,0.224565138537339,0.0356944001809365,-0.0903573103921873,-0.392210545669215,-0.390596616041506,-0.00812392827749735,-0.0550431039986577,-0.00542260492601956,-0.143556974022021,-0.300303654276699,-0.42150307288119,0.00614810659977315,0.0792753594525328,0.415366864292005,0.483757065933261,0.258542231553601,0.342648082349702,-0.107361819263091,-0.194781327624545,0.308323121471817,0.543610409233131,0.551951262631362,0.654268389690664,0.356696361916581,0.486197113876773,0.450151014676322,0.505327566585521,0.526167082511876,0.615452780103411,0.702868946565382,0.64329583323089,0.891219361391879,1,0.612155021193472,0.581515654145691,-0.200942161567665,-0.110703952582405,0.065647219234086,0.0181419255323216,-0.00347266665677379,0.126002605471425,-0.246203856569015,-0.164855527535971,0.211252629487978,0.125374507597143,-0.248714449485897,0.310205685641267,0.030892858106113,-0.1140863032553,-0.079771796552741,-0.0842279685022484,0.249510377680126,0.058856818136071,0.191837480313147,-0.129228471826462,-0.283453012983722,-0.0508117117958057,-0.22576534338476,-0.012785581334942,-0.233519836528225,-0.00741229635214293,0.144058619631315,0.0453389062195221,-0.388405801404,-0.402000548637833,-0.222139983270331,-0.0758914369700619,0.182782802188112,0.0107535606408435,0.130790821070456,-0.34157531207093,0.050883156835725,-0.0851474939417312,0.0433242732469867,-0.0602460889632648,0.0917215839190736,-0.22242802361383,0.0766817888250779,0.340946767940304,-0.20926007353936,-0.0114233565601735,0.256431508720495,0.271469518181274,0.0702246189347357,-0.0915813713497148,0.128331770392177,0.0201517147218909,0.182312546250702,-0.0199183120836646,0.1148437869118,0.193442960355933,0.189851878430302,0.133588402775899,0.242340398870101,0.00450318074425571,0.150500668778708,-0.0851382858329103,-0.0273937901824063,-0.17169438665157,0.537732906334207,-0.0493317341361938,-0.0311174962439766,0.247978999155348,-0.0749060793185247,0.341364290494416,-0.180556073346016,-0.139296962011592,0.0863072569595917
-0.695616728290638,-0.507211708510662,-0.708109302480697,-0.60780994313156,-0.370544517192366,-0.533908481826936,-0.716031086998038,-0.451499940072957,-0.587568159794387,-0.37881940466521,-0.652363012234264,-0.53302010526331,-0.699352559795212,-0.545819240141339,-0.711546736620229,-0.534212135651705,-0.710444964003531,-0.583913181784644,-0.443085060949213,-0.316615323230739,-0.669259104321776,-0.608646743428521,-0.533973653750014,-0.468321483782088,-0.605415866647268,-0.57536610887069,0.110595659049465,-0.0404011731137442,0.00185301463750637,-0.223549065194818,0.292461795507349,-0.285405163196508,-0.165841383940338,0.434473565675941,0.354436719727248,-0.292105834376124,-0.537684311190975,-0.417057869687487,0.0136449395533642,-0.468256787851507,-0.249692267609633,-0.384288590183221,0.0540652939353686,-0.286072844886243,-0.645600575372706,-0.324277969785572,-0.492994042590176,-0.465857884204561,0.0523529237568896,0.468527723243815,-0.108719837531593,0.528196138353742,0.139917018437463,0.547895773644019,-0.00391974351306049,0.362261869088727,-0.0646691139961328,0.472847567990416,-0.0711135697676152,0.389412863593655,-0.529083215352026,-0.482118179242732,-0.618498680939737,-0.491652123030418,-0.500049459617079,-0.44273852952244,-0.552811654697518,-0.458233128869942,-0.305680376934247,-0.220671754737878,-0.622391158534302,-0.430433399829815,-0.462868438767428,-0.236564191957682,-0.20948249879509,-0.369542850453605,-0.176602228779446,-0.105442276708688,-0.290097560132442,0.00180134427161907,0.158053370519092,0.200083972413798,0.0832144635780945,-0.270528316766403,-0.714460770203544,-0.697905562775839,-0.219220132420273,-0.157850139883959,-0.234999641538335,-0.261697987660891,-0.674461212674392,-0.687670502100975,-0.19663634115072,-0.0624128717269376,0.660730145518137,0.71266167790502,0.19186964670334,0.199572882635045,-0.517310143856164,-0.597002998115493,0.167343259844159,0.284059226737624,0.482174048964949,0.478129743539797,0.326463537306482,0.380688798932418,0.154755732251359,0.114170137171035,0.935701815136496,0.872487917396281,0.541339760501984,0.372291226069626,0.791385461325659,0.612155021193472,1,0.955955716099014,-0.174991124748463,0.0202488543233532,0.395279819701787,0.440742894346334,0.317383004857669,0.555884762347724,0.0210260179494353,-0.216712715534293,0.548243336281111,0.177454512300756,-0.136480164302307,0.48130748264897,0.163755955658159,0.174599127265787,-0.291090790567303,-0.0624436752702697,0.24583782423422,0.183635278629464,0.436438746410321,0.0390351551666749,-0.622352521430382,-0.208036300580629,-0.56031451642628,-0.396497146711645,-0.505394223964841,-0.361985766282758,0.436491685728391,0.140095932722374,-0.313535046257511,-0.289511092270212,-0.486955306044309,-0.294946011858171,0.275256515089739,0.278056362907932,0.101940821763969,-0.372792300971458,0.210347753722298,0.238027574175567,0.378371491135021,0.259360530052349,0.0778865415580264,-0.368778921667333,0.133621438372101,0.204363802528646,-0.497282053004807,-0.178715431156308,0.233895977657909,0.242486712586648,-0.117323586254263,-0.141905262983186,0.0911247487971928,-0.112104598578355,0.0965985966015732,-0.0124428646911508,0.343704976945965,0.555197687039643,0.417241456156155,0.212409431722,0.428599961797881,0.31242370505671,0.505537203839174,0.295491762176858,-0.0622189480801355,-0.103623670584239,0.919879896318407,0.105900332337271,-0.414065543631188,0.0826084970282292,-0.303257523905986,0.368307078287456,-0.380052015621926,-0.321177919499894,-0.085666322350763
-0.674126280098732,-0.502407468429465,-0.680572938466402,-0.600338518025596,-0.348573494326205,-0.505503968530066,-0.690872134682803,-0.440191802398666,-0.562304448191598,-0.381311027858683,-0.626934611491675,-0.5209274075522,-0.666690430202191,-0.535655720527616,-0.687692625672328,-0.520817616861113,-0.686402463355898,-0.58625984663428,-0.415385021687302,-0.290575910482316,-0.620916619751247,-0.559739398428552,-0.477300226694769,-0.393776302886339,-0.55333921007735,-0.547634596971101,0.0936640102238744,-0.0262821706026128,0.0189496329253678,-0.241661232770419,0.27479611197349,-0.308816010518328,-0.16063553764394,0.433780605523522,0.352490610524027,-0.25635912826735,-0.500522427562925,-0.399900042793221,0.0112212268606826,-0.452596049360749,-0.262234869531468,-0.38153443138604,-0.00955184775311716,-0.316399128215588,-0.629996754767682,-0.302133164636191,-0.49532005578258,-0.444920277179974,0.0450046701543572,0.488558845920172,-0.0836146896459598,0.543488185647087,0.11014314025436,0.570457517209679,-0.000859825403800999,0.39048587789716,-0.0437259770766676,0.486973477552327,-0.0354575330158841,0.418635991444587,-0.498762994840032,-0.454542635309783,-0.58200853237019,-0.459545960531702,-0.470501009649436,-0.400415441149381,-0.509373701099336,-0.43105139340797,-0.320239929947158,-0.206581376902533,-0.600002638012965,-0.418547925218671,-0.473550171741236,-0.234265136334207,-0.224627110347681,-0.356795002747023,-0.178618724530636,-0.145615328088055,-0.340515282402858,-0.091808070915184,0.112718168880109,0.137166325845987,0.0118417265190114,-0.316152284783777,-0.684256881903174,-0.695630379040647,-0.244233819100519,-0.144769244918329,-0.217856927511414,-0.243834367613315,-0.672617936787497,-0.69199008709558,-0.210485969753846,-0.0680662128024722,0.630867969498692,0.683930954726149,0.186866023324272,0.203074610324777,-0.513822218469639,-0.601151878647644,0.124727499817119,0.249277731914838,0.440962364087924,0.423654569575473,0.271091595467971,0.318841113562406,0.14217135357961,0.118065644574336,0.916314465736189,0.868748675404208,0.514344834575325,0.363668304152047,0.757761141378222,0.581515654145691,0.955955716099014,1,-0.154052233686594,-0.0281246136518076,0.406295055511795,0.403144581325588,0.314237627055388,0.536252655485541,0.0266458008716958,-0.206026803771906,0.543314084984336,0.212717411946606,-0.199426429806314,0.430922581798376,0.190549709147515,0.136660305519362,-0.302182133825398,-0.134952314792785,0.159454220738247,0.113133443716807,0.368298745966624,-0.00455700217023826,-0.602467140326184,-0.266267448350076,-0.523406645707908,-0.381410371254341,-0.496646882534896,-0.334160377106762,0.393951493496428,0.135273191666615,-0.330426901346236,-0.304517009504601,-0.52869862226366,-0.345075566931348,0.296407500443297,0.273666054995954,0.110784119263643,-0.345835826407039,0.192946349220097,0.147062002355188,0.431671217010784,0.24914452644158,-0.0216420997293605,-0.368892164058874,0.118493190263764,0.158116221220872,-0.473037169727914,-0.177332752572027,0.249157405182883,0.229003941824016,-0.0950835455392131,-0.139268516291139,0.105511601586186,-0.0798164345147072,0.105977451926801,-0.0106920311547887,0.337031810549763,0.540279011107628,0.445682707735191,0.261273602780309,0.415399604948404,0.305302157008772,0.479008560587621,0.261563777981087,-0.0176157783055781,-0.102720063693804,0.913892592357119,0.0981129221035393,-0.378265245904523,0.0597975454853117,-0.281678210411824,0.394758145739699,-0.370061659756532,-0.291799889483246,-0.0710514856020445
-0.0764567076141898,-0.166124115953626,0.0888306663927236,0.0636950559110949,0.079480217235484,0.136330602952837,0.0448426275417131,-0.0674532717166423,0.0744918746356315,0.0109930115925093,-0.0886028859743071,-0.12690734234511,-0.0278966176670951,-0.00624726651637741,-0.0611097797048735,-0.0408776606767264,0.13565862113198,0.0815251151436689,0.321953633007008,0.180434793614348,0.119191304086896,-0.0134070015653826,-0.179396890369813,-0.269589626372892,-0.212813347296815,-0.220583622877763,-0.104972226633651,-0.30253937280449,0.294305602156472,-0.292032721443918,0.0762656494757379,-0.345415204763088,-0.31691581364646,-0.372931954075561,0.197547327284868,-0.232965406453795,-0.107306830158031,-0.184501571551108,-0.184109689654632,-0.245543425940355,-0.141572342266057,-0.0542560551827006,-0.130882606229723,-0.0994632401021883,-0.157862115348048,-0.328455202384207,-0.101205721124872,-0.204375854099511,-0.537490917093843,-0.428155541669752,-0.0460847946807446,-0.272631979164491,-0.079102379070311,-0.326086898244063,-0.451882266720723,-0.435441143407098,-0.311459493223905,-0.331140858045463,-0.386104387922081,-0.322510641363861,0.0534052828270848,-0.00961327652686172,0.0914280276859209,-0.0981469874848047,-0.154311109434512,-0.194907379444932,-0.0383835257337576,-0.0552935302509283,-0.318214047251493,-0.4020666347597,-0.0286991333576915,-0.0648127645520134,-0.0229604170007964,-0.0220286251552237,0.0273581029164344,-0.178299016081347,0.0989231138338999,0.183432728137061,0.0740966437391328,0.0566822280589202,0.124175679563788,0.133408257066778,0.0112503610323561,0.0827459773702861,0.134140556538317,0.181841913417936,0.0955822154713644,0.0108257377606281,-0.0616720899189514,-0.028915340242513,0.141113167610779,0.22837269946286,0.108860081563024,-0.000486392324801708,-0.238824781953793,-0.257141625035402,-0.0268342714903289,-0.112682747362609,0.120248009708268,0.113595983054728,-0.0773782186975874,-0.0551110632195934,-0.174256723071978,-0.262815898617038,-0.094612495314198,-0.154661506597015,-0.0243140882669879,-0.0148847447085261,-0.153217695253718,-0.233524556428642,-0.168710792774009,-0.265301977121872,-0.0971934630792046,-0.200942161567665,-0.174991124748463,-0.154052233686594,1,0.460453843051053,0.340048730230267,0.288731743702467,0.215695782461367,0.0981875812518379,0.532395702158796,0.319828788474976,0.146630846363898,0.196898448307247,0.221489331566545,0.0876984440601252,0.3765766945064,0.285693086546383,0.0755385904232895,0.0385593607952432,0.0784274293302139,0.234817244691187,0.164614037599348,0.204985467786453,-0.024477176458834,0.0505623337042905,0.158866718293662,0.00851616014950477,-0.232616554978849,-0.320584943403838,0.126275601276744,0.104012578030601,0.211757338455347,0.172927198945779,-0.00723664290041508,-0.120646568580747,-0.0377644618233511,-0.0422914562373023,-0.062587389816889,0.00378009727848924,0.308791459094145,0.202166700495011,0.26377801807614,0.0908889119206426,0.00216522352665198,-0.0490166680008878,0.0167331119985746,0.0101386856750783,0.0834188854439158,-0.00960661690175653,0.167675685697567,0.0160848965882861,0.00282256904617579,-0.0791226373305935,0.0477204584718931,0.0791543937308768,-0.0914937643331706,-0.0553810541539232,0.251052156997986,0.0321532708691321,0.177272938513794,-0.152327989544696,0.210142041475299,0.266145009177428,0.0651511075067812,0.288743943654608,-0.100364868505865,0.170905163555633,-0.105051569675515,0.0275946615995717,-0.144188094125136,0.219057222368383,-0.288553197445578,0.182007118005875,-0.23742789819225,-0.329558241514514,-0.383587502970586
-0.204644791824473,-0.240109128636815,-0.0458527429590708,0.0154639867532061,-0.08010025988266,0.0105614500278587,-0.104460931043013,-0.102612681906503,-0.117732985930275,-0.00521096240615495,-0.336049303491663,-0.363950227739909,-0.289162058686439,-0.253233056090892,-0.274126024312268,-0.291123727478634,-0.100331310824626,-0.0931357183791891,0.0898978022235145,0.0963937336282622,-0.109411390206529,-0.129622175886525,-0.353726353247166,-0.509862572935433,-0.446644731177239,-0.451125902010931,0.0291636413942486,-0.313032247760746,0.179248536977352,-0.448161869607412,0.177027779476967,-0.171020059517885,-0.217822539420932,-0.124407257373997,0.13905712856586,-0.540058674073697,-0.338783726582048,-0.464480330229063,-0.16668421461489,-0.383433169133791,-0.315270987504069,-0.315841619355618,-0.110064037269454,-0.153468384480589,-0.317334461245394,-0.502065120873968,-0.283460040164888,-0.389469402892285,-0.451180283315006,-0.346416455563063,-0.142377111526137,-0.142852030913854,0.0463623981055057,-0.182428667407972,-0.397550315794152,-0.329383156681351,-0.295806724893217,-0.208443010318038,-0.462946755785254,-0.320277775827143,-0.0996524897362558,-0.081531296135122,-0.11723655686369,-0.166827175349986,-0.205180505962785,-0.230661048069474,-0.338974543548852,-0.294719425997716,-0.121213531805269,-0.298881590733377,-0.279610577059857,-0.326355910972856,-0.233670110202429,-0.213072217625113,-0.0709331365105595,-0.320065831867805,0.0827126034371017,0.450365539562513,0.0760168584217189,0.173500177771148,-0.00468848668312867,0.170514458803581,0.453421351255852,0.317056040916923,-0.0714166777650025,0.0215973956672393,0.0745160229199554,0.181372928489585,-0.119650936969082,0.0224480812082261,-0.0981430556124704,-0.0223726214290929,0.134271446679165,-0.12073506468209,-0.00557880294358815,0.033890377416089,-0.09359754136961,-0.199867665677125,-0.14418284050784,-0.148740038090701,-0.185059563636808,-0.0655117656750468,0.0143888678296212,-0.0669783304144892,0.026244753799326,-0.0116951911959492,-0.172508691207048,-0.135768779592179,0.0516979069918166,-0.00410875190979246,-0.0770046132183369,-0.197181421880952,-0.0147365913832783,-0.110703952582405,0.0202488543233532,-0.0281246136518076,0.460453843051053,1,0.415406586732621,0.577934207046962,0.254157252430379,0.281791111110129,0.568379373986916,0.344323115152747,0.25242634446933,0.201787751312001,0.32093128141219,0.263133617302562,0.155193607857907,0.337373608312352,0.0639111242724103,0.271785647722394,0.270592957909547,0.274828143457956,0.24187955766895,0.135114235094418,-0.224267885293807,-0.0917426690553703,-0.17104915074796,-0.153889293946559,-0.290401247629799,-0.432622341071896,0.286319150726523,0.109802225218083,0.400114855626531,0.388803285361317,-0.0123681258194753,-0.223952460473492,-0.165738266089061,-0.112109139613242,-0.208898916539618,-0.225850921360584,0.437582829781424,0.653473579905598,0.165475060408333,0.275242001881595,0.0783092922653455,-0.202105281038426,-0.0299545337129925,0.027168392050192,-0.0486177988957065,0.0214011686997232,0.0861091328570367,-0.0373758931741848,-0.0889967391770642,-0.0586727489621778,0.0678206987555123,-0.0347838000774943,-0.168864329446268,-0.200059829664793,0.375751365870703,0.225277653948178,0.120880788428533,-0.310176691215811,0.133393615667244,0.445303506563509,0.269600054877086,0.36109288997503,-0.365323578265136,0.0719369735851656,0.125618306907988,0.100369370192881,-0.477155453860181,-0.0709232351847832,-0.484024967993487,-0.0588711373423672,-0.483364332883043,-0.261625879944793,-0.359739622938754
-0.61083906536499,-0.62502999735585,-0.50854992470035,-0.480510433148529,-0.280414958896952,-0.337161819632339,-0.573436002924277,-0.554392610374314,-0.488029460570222,-0.474605054626847,-0.553256771118463,-0.559121972405374,-0.579089436262795,-0.522479590665583,-0.554105061525962,-0.506930428420513,-0.474178393801648,-0.445719071059462,-0.266277794967457,-0.335047412720899,-0.426716549902497,-0.475440204374615,-0.428537120664134,-0.54105847184696,-0.54925226972028,-0.647188488267711,0.191741978152401,-0.211268153514883,0.1480670190004,-0.594440700564107,0.265859882048916,-0.438584100281272,-0.216359692843181,0.0627864745554637,0.234183010094871,-0.579533671280846,-0.505241363109569,-0.532677697359709,-0.253531780778648,-0.538445666019774,-0.435809005583935,-0.370947506207306,-0.266318053780346,-0.293621966168554,-0.514184414647934,-0.593769526307119,-0.403784861325669,-0.438364385546193,-0.261628145477781,0.0440550654794081,0.0521792033771009,0.25887964266928,-0.0124283948037783,0.279939686982688,-0.161111755371589,-0.0181150359197096,-0.121493280633233,0.191317767858499,-0.23825063668632,0.0497575796991857,-0.464220279097969,-0.436128777512861,-0.425416339841897,-0.531168164887166,-0.572290926464753,-0.488063969545228,-0.564965387299082,-0.556987499609531,-0.347137247846973,-0.439840868934688,-0.483127455842457,-0.404306519635982,-0.307151272330825,-0.095024854958827,-0.18520591729298,-0.285213098879272,-0.0852892232867107,0.109831882480232,-0.175485981048611,0.0340493158590153,0.012026776394772,0.00253979457292669,0.151475521588798,-0.127404119005153,-0.483584293944426,-0.39086871201405,-0.25652052884628,-0.224790403069017,-0.362784767752516,-0.343646111511663,-0.431158128355549,-0.43785720865993,-0.284131751731541,-0.215215049159262,0.221564884845197,0.192309978344682,-0.221149001594773,-0.246560426575385,-0.478237835449519,-0.531289330612002,-0.23360297422834,-0.0625051267199288,0.111278103597336,-0.0783979167611201,-0.107623326628307,-0.0905215198451882,-0.174730882402933,-0.216586963134479,0.419471260931357,0.302722118392686,0.105176723297831,-0.1612411825242,0.237981095627608,0.065647219234086,0.395279819701787,0.406295055511795,0.340048730230267,0.415406586732621,1,0.727332105375549,0.517871682742516,0.61528848181708,0.499151768844714,0.051475617074686,0.653555649410098,0.370166249609172,0.213174464899979,0.405051013842256,0.255037944324626,0.476032478451726,-0.166075969119654,0.00115189081785386,0.194639660567814,0.296698344484358,0.405143335619617,0.198491175369383,-0.483341845135848,-0.125177591985576,-0.421697857363627,-0.468737081125596,-0.409860157162675,-0.548593053454459,0.426290566507242,0.228376417944063,-0.00377974091499801,0.0110446475163811,-0.286910756708045,-0.226640302545172,0.222255560654801,0.254092171031718,-0.0369943971392834,-0.13515635693687,0.589300468008983,0.465636888598541,0.606433355057867,0.469738332313563,0.0317481221246849,-0.308581166791299,0.0193326086207446,0.03604226991439,-0.424709910715891,-0.273753495630513,0.0900781783587789,0.00484136109328285,-0.255521189616571,-0.314704274480459,-0.029405245393827,-0.127389197277008,-0.124591791558832,-0.185190619536977,0.542089574613012,0.516983165540564,0.316675045126101,0.0843606325151404,0.45671870942924,0.656701829270902,0.5463563480715,0.542679093703502,-0.239012006104857,0.227602938292592,0.452016234671621,0.0911494481845561,-0.526972506261949,-0.0718541054178094,-0.6058643771337,0.197128883479155,-0.523914681915045,-0.539200519805077,-0.427439471188352
-0.709322928495711,-0.69331892211941,-0.631027257814291,-0.584849678533422,-0.402338632372293,-0.490920299776713,-0.656081620141939,-0.596975974753003,-0.627109893147454,-0.506449802597629,-0.722063280692875,-0.718749184420932,-0.729055708634889,-0.696317115987578,-0.687734406980221,-0.712145948138027,-0.643876291946892,-0.610798583628818,-0.413023996175954,-0.415879951545958,-0.56151181295229,-0.59738717874094,-0.572756639281241,-0.69061662677022,-0.725440007743524,-0.743085472084981,0.156900367473728,-0.171128353796413,0.0403277193092853,-0.636980385840822,0.292081751998153,-0.354332752382337,-0.247445814640385,0.163593591299272,0.362132641884476,-0.723079178872137,-0.583895652000187,-0.675924836608043,-0.187833404373012,-0.614184623967548,-0.467701062023475,-0.461794788675785,-0.172387907165326,-0.201050488413597,-0.657524985851185,-0.703376454048795,-0.535676225016657,-0.549197510305917,-0.259418845436689,0.136342982557464,-0.020633091347036,0.314451944686108,0.0844502102857271,0.374619545662884,-0.192136853151638,0.0803039247696819,-0.158180833503017,0.229138882003986,-0.337639580664097,0.0383528611549503,-0.590513342200564,-0.558433381830332,-0.515261196486752,-0.568894185719157,-0.594635261179885,-0.500631594141267,-0.738324564914898,-0.677225001185823,-0.37189103726833,-0.421213399911097,-0.660782000761349,-0.60465003215772,-0.515867961023441,-0.230979809799335,-0.229984502674493,-0.318994849404999,-0.178693071489583,0.151079517765446,-0.285757162902061,-0.00216489332018929,-0.0463604781984743,0.108476252714582,0.337490203880554,-0.0182991377751273,-0.518294671922377,-0.374583115720043,-0.26360235186009,-0.154110192844694,-0.405128019007813,-0.317451727687336,-0.500314335153303,-0.484600359333635,-0.227067915655588,-0.221842797586217,0.328654614391129,0.349404210784435,-0.138041291608242,-0.222091096386466,-0.553634275515601,-0.603170189235537,-0.255164008120859,-0.0503754878922205,0.186205642387606,0.0331892033072532,0.0683436726265542,0.0556138239136116,-0.208671584420346,-0.263965449379424,0.503950949197165,0.38182928325878,0.112124874952584,-0.117147487984631,0.262209738350325,0.0181419255323216,0.440742894346334,0.403144581325588,0.288731743702467,0.577934207046962,0.727332105375549,1,0.414435167820044,0.783720449596379,0.56995066926226,0.0161892451034903,0.641438079049305,0.311868895923761,0.231215067045046,0.444936766317817,0.247929431757232,0.537673478197914,-0.282996513566615,0.0262907112209639,0.227296538087356,0.332004992408599,0.428669260879725,0.279216683504668,-0.656288364062865,-0.261312870554721,-0.591907013727313,-0.569938145880514,-0.536223185292272,-0.638215306614943,0.590141790382814,0.279809713290442,0.176359070069492,0.179225932600065,-0.422115687111631,-0.436411026263369,0.0700150767643819,0.222860969680847,0.0322394620984943,-0.13728302502979,0.522256570250761,0.678179116324114,0.407556494913101,0.614095550896052,0.0535575380459102,-0.371553426859664,0.000776190649996071,0.0470644509434816,-0.452797674073139,-0.253181383348113,0.131621958772906,0.00854267055682016,-0.245742575950562,-0.303103496701101,0.0246292242954335,-0.14174110049495,-0.0972433372096715,-0.139247862862382,0.61035980289391,0.608909189854157,0.403138351758875,-0.040960905763916,0.476014766575524,0.678061671870668,0.624182776964498,0.5630440717143,-0.375589608218639,0.261894568361169,0.517066184001752,0.188990386696642,-0.709006242801386,-0.139634514904575,-0.641179784844443,0.134946209240184,-0.584655474934695,-0.502980900961471,-0.254503613205117
-0.39780807418768,-0.387631019235326,-0.297224875633611,-0.253667541784936,-0.187363654445214,-0.215302774943677,-0.369031677056046,-0.374926576949828,-0.28299485741332,-0.273313846649456,-0.335733801667751,-0.304997351098499,-0.336137894856268,-0.24932265421905,-0.3357251272901,-0.245733321755664,-0.196618455152877,-0.200627247904295,-0.00312553982399305,-0.0671181054993922,-0.157509751334802,-0.227534746260499,-0.265078838240698,-0.356916329271006,-0.34114339345575,-0.388918949570113,0.33139197762465,-0.143200050065341,0.353843471931601,-0.307611444535236,0.283528471280816,-0.375681663804911,-0.140461003185597,0.006835774058992,0.224731970398614,-0.397648509210957,-0.319192995082079,-0.349919630750201,-0.304475185664474,-0.411459929088274,-0.266330111700855,-0.186926753090086,-0.0719762596266661,-0.180413907598287,-0.333251421033417,-0.428898398468786,-0.249353783039794,-0.241412673057321,-0.216252627875457,-0.00539279043074997,0.0327919007464441,0.121848240794083,-0.0688851910607527,0.124167998830234,-0.1671706537031,-0.0240629168578115,-0.160743440893231,0.0167417599096108,-0.286819246179785,-0.0988746201711805,-0.253112591906391,-0.221046736567088,-0.263214857498081,-0.2187447859232,-0.3815286460405,-0.311139849646486,-0.387617951499296,-0.377884104755209,-0.176504671067427,-0.364734730198217,-0.267241526531869,-0.187508655777346,-0.237635087473073,-0.170223019159787,-0.0955164534339157,-0.229738289006666,-0.144151536871336,0.117898359064532,-0.206428155680435,-0.100013866365093,-0.0135825834858111,0.0208033302651551,-0.0185858528721135,-0.171409633927226,-0.401091813499441,-0.331694531548443,-0.247543445196746,-0.224247087872402,-0.250330518585588,-0.188296415725407,-0.320857443568605,-0.290438247338172,-0.267037567599357,-0.1290676389544,0.118454256102375,0.111897471663422,-0.169011719550598,-0.0719732583189629,-0.340505434352916,-0.356438441640101,-0.127029064149036,-0.141874681388939,0.0739813821383426,-0.0683828290637504,0.0286309904213089,-0.0109144841898004,-0.182640498663552,-0.264687112439964,0.363099495532942,0.253111347773766,0.0377306522080342,-0.159157310968957,0.169907432236007,-0.00347266665677379,0.317383004857669,0.314237627055388,0.215695782461367,0.254157252430379,0.517871682742516,0.414435167820044,1,0.338402935195866,0.263887162901552,0.0261128011407182,0.396947742294574,0.16186736735008,0.304023432204387,0.32741809342085,0.300228985417996,0.285666468566784,-0.188340813423812,0.027194906696235,0.124047727198431,0.132178687647247,0.272185023625601,0.0441116690792388,-0.292076335868687,-0.163967062162775,-0.258904310381701,-0.292868616749301,-0.203174244028284,-0.345680837389999,0.23213602193647,0.132896116043045,-0.063955608788055,-0.0246572116857813,-0.179751398089056,-0.285158847600209,0.185563499391584,0.0974120925320884,-0.210155169880045,-0.210224724765056,0.199537736639086,0.343391197537558,0.600150256780221,0.215807387197263,0.0451383686475164,-0.33758948681641,0.0217270501109112,-0.119576199551171,-0.251650818250992,-0.136158053592717,0.248863695930885,-0.0703893660930526,-0.116789721579546,-0.187512778900316,0.0747724085477771,-0.0676232367547796,-0.0769509143694537,-0.152987874064859,0.241320285505149,0.375021362035374,0.31981187205966,0.128207737061055,0.275444393489704,0.280353226668538,0.436568183857262,0.42329425720735,-0.204662193058704,-0.00229758789548611,0.323321973314734,0.246340017869924,-0.316122245034711,0.199817951700492,-0.430886442596794,0.0283186263409509,-0.380452534804451,-0.358932103180735,-0.365045230176591
-0.736446884193122,-0.671257228895849,-0.698949384862315,-0.664483346833748,-0.426039442034359,-0.603019004722453,-0.707624992234323,-0.606912519605387,-0.623997790585397,-0.508276305322732,-0.678551214323069,-0.680242526742849,-0.705944316789196,-0.653193454804577,-0.688277658080474,-0.656190558293584,-0.678958552968461,-0.639906539493464,-0.459155097263016,-0.465320790330786,-0.621475090991527,-0.662918873222948,-0.498432371827259,-0.605206626694237,-0.663847454573554,-0.707293826755397,0.212498509325136,-0.0412217863242786,0.0453122613570906,-0.402786183799314,0.179443754781974,-0.311524500534657,-0.136974583968609,0.327756357596171,0.32286165529918,-0.545903156472483,-0.582436554120246,-0.610371463405849,-0.177740744857521,-0.58669920978719,-0.436969653159725,-0.50819988260884,-0.201896856565118,-0.345705020123907,-0.69933648623075,-0.627286953527318,-0.580561171758636,-0.589669172915368,-0.126786248159548,0.227596633547622,0.026845097804286,0.442076792076019,0.0996545801908076,0.480221367380644,-0.0446467347253171,0.180538770583705,-0.0310123752858448,0.393641129320684,-0.131219999771745,0.226324443037942,-0.605119376096439,-0.589358893432456,-0.547933042528676,-0.605880216600226,-0.590141975494448,-0.4651323900779,-0.697656520632043,-0.646118470886745,-0.346394601796626,-0.348670049748685,-0.635534525502105,-0.527380658437495,-0.54518093513566,-0.270859830010049,-0.251242972692796,-0.384208257713309,-0.203656551181587,0.116605352114564,-0.266648202910441,0.0532836937439622,0.0184432652410631,0.103373429675069,0.244140370262529,-0.120452705930111,-0.584410039110981,-0.497486491948893,-0.262557783615481,-0.163413310912398,-0.310431816716071,-0.2419342824069,-0.589709561585896,-0.575334127216803,-0.184404571826517,-0.206502503476408,0.449301282388707,0.459238091060869,-0.0323648158834153,-0.203777400171752,-0.581672517468801,-0.641670501336751,-0.258072275865854,0.0355283905610721,0.323327189838923,0.124233015047397,0.043400538721719,0.146104748075928,-0.203195279292359,-0.149733529892273,0.60850146402071,0.489155541781343,0.198235140568356,0.0166487283467379,0.347785316467347,0.126002605471425,0.555884762347724,0.536252655485541,0.0981875812518379,0.281791111110129,0.61528848181708,0.783720449596379,0.338402935195866,1,0.348018023724777,-0.101541588527786,0.589424496880507,0.231586436842616,0.102650483664583,0.488320461607323,0.170275580378102,0.567584809544423,-0.244462760723005,0.0452596790392363,0.178913374794615,0.328015416223688,0.365970306383521,0.32433520047213,-0.627191802909645,-0.207562147413882,-0.627533488027813,-0.610384396829457,-0.55919138800035,-0.577673695629853,0.475007439209042,0.337103767677381,0.0609498139880169,0.0506429093906705,-0.431792822440873,-0.345524911119217,0.191848509222194,0.363295786667762,0.0808760679952674,-0.188888086190047,0.419603094198662,0.528028298989148,0.396954171045459,0.612320563440061,0.0185992951131139,-0.381320970705697,0.0557878509027454,0.0707839317901606,-0.446412794368297,-0.227020932150947,0.163800834952266,0.0312949644756362,-0.185607699384125,-0.227758582851817,0.106998946341259,-0.0556272979201617,-0.0368701103810679,-0.119592156077096,0.507582968828132,0.601072181755781,0.386988655304894,0.0871604422063554,0.429597495428177,0.625306289771307,0.669782105444769,0.520908024380995,-0.203287850399599,0.122296894923871,0.618986939453092,0.192761470718147,-0.603130471865218,-0.0816942705260653,-0.452201377749674,0.251265796562511,-0.469572163858161,-0.418382524278665,-0.224322975951805
-0.270824917391777,-0.319687781548571,-0.148887004847684,-0.141652149565578,-0.125497631319404,-0.0966231433453766,-0.214109894589528,-0.343147361928558,-0.260136345200069,-0.301235428713353,-0.334405373118071,-0.368510546411842,-0.302797403912207,-0.299313152844894,-0.289314720107307,-0.328015731232752,-0.180954820067796,-0.263924111629186,0.0132590709262721,-0.131359403074803,-0.0986736228785252,-0.153746706864091,-0.329705576796949,-0.433814552406304,-0.419863421462444,-0.404778106471438,-0.0540559097645965,-0.339979751932683,0.12536513395373,-0.57137735899598,0.059246901800807,-0.440605906581875,-0.36371266514754,-0.251138012682791,0.251557077786405,-0.451814867094309,-0.302388429797854,-0.373601105800215,-0.212533578878892,-0.351623082945128,-0.4060934461657,-0.221989641662553,-0.31698191525599,-0.149443647886643,-0.272527977354463,-0.425719271831436,-0.238678807286096,-0.291449121645741,-0.427580668369382,-0.192687484056218,-0.163197930925251,-0.145947632278406,0.0202414017429907,-0.0556217370976038,-0.38172540355,-0.216102467705293,-0.394839369351104,-0.215164255342748,-0.421613158453269,-0.262737468107538,-0.166107065968922,-0.168814614439841,-0.00829486591879967,-0.182878809336989,-0.12697297084003,-0.140483810241966,-0.304299671539943,-0.289925836431157,-0.296697289860599,-0.458510636533086,-0.302008658355129,-0.297777898849684,-0.153598981902645,0.00274927668158548,-0.00972982863379438,-0.122376404472624,0.189087134966899,0.417111063093066,0.107241890766888,0.144518613034843,0.119289361612163,0.132555639831271,0.27016164343135,0.273548760337252,-0.0710024928224567,0.0541375691178294,0.162527930149477,0.212054876194438,0.02721929673234,0.143871275887922,-0.0858330037235579,-0.0249300650689422,-0.0565651508781074,0.0291600514958652,-0.0205372692107568,-0.0566019582120204,-0.103000898017482,-0.0997187571686948,-0.16820116930861,-0.136572849283219,-0.160972530326786,-0.124043528632556,-0.0230994229027702,-0.169556721339344,-0.0297893826722213,-0.170951834674146,-0.180197409585741,-0.202421082090236,0.0937246456591141,0.000704093576004346,-0.13183388012162,-0.268283964241069,-0.0613159825255764,-0.246203856569015,0.0210260179494353,0.0266458008716958,0.532395702158796,0.568379373986916,0.499151768844714,0.56995066926226,0.263887162901552,0.348018023724777,1,0.36259267078808,0.446387828915623,0.343496434063905,0.23381322999989,0.147969434485366,0.320674859362045,0.488370522948356,0.0671941209522486,0.195473650803836,0.168392364113191,0.39954912636703,0.194865807347207,0.361250840634609,-0.241480862464,0.00253150145231804,-0.049927478721627,-0.228067534988093,-0.267149924170923,-0.448416470198278,0.355939310015178,0.301566206945406,0.256929297138025,0.204841237913675,-0.0564291057297168,-0.135575604522848,0.0282258505149878,0.038919074429847,-0.112897829860277,0.0292543350280041,0.54180277110663,0.500290692345568,0.265649849477312,0.234752542699709,-0.00647268345487528,-0.0286978437050942,0.0836179220340702,-0.0134541838164167,-0.0527884120865619,-0.00535861414236621,0.152113568771196,0.0415404737783075,-0.12190562907365,-0.042137840502457,0.00990809489847639,-0.0369574972955599,-0.0990500449963123,0.101441250741545,0.610341066609159,0.238541264291218,0.28839136752229,-0.127463843580511,0.329685100980154,0.573234889067905,0.28313143153263,0.471448042284873,-0.313427243900786,0.320392962757811,0.136440411742879,0.099187927611215,-0.361987440289555,-0.0862210202339894,-0.424294159036558,0.00911563568156678,-0.40426322411871,-0.335505538002158,-0.397510809933737
0.295485233460448,0.33099421523768,0.331493627072671,0.408077273773689,0.150842733356983,0.32350893091813,0.263990346773507,0.254242986236355,0.164887974873655,0.213477308798548,0.250006896415339,0.232794270412237,0.196506088888145,0.293411201431664,0.199055007065776,0.264859130317761,0.264193940126558,0.295449202413429,0.314729117359524,0.236731917647703,0.260878443502332,0.220093072097922,-0.0794410848965672,-0.0390186156543795,0.0457758990642766,0.148370845377556,-0.237884785771324,-0.314385401483146,0.116632996502575,-0.00341793281135605,0.0666722365438452,-0.150573143465853,-0.342021350996478,-0.347250066045836,0.0964060330514235,0.126016732933491,0.179712502114628,0.178388647124821,0.0180826861375978,0.0208538831609917,0.00686114781286143,0.0333669762235649,-0.0581574150395647,-0.0575746870659221,0.166592568798131,0.114166268841858,0.155263386282467,0.0329297551876408,-0.480142728962622,-0.426673640422687,-0.296133772679737,-0.32237630638835,-0.236694671660304,-0.460971460975672,-0.484294203740327,-0.470732752976762,-0.340643625791629,-0.359826888499969,-0.226787385982089,-0.286881382044388,0.48390639377084,0.502707226256228,0.308671010974239,0.362553287948948,0.27637388800748,0.225597671052614,0.341061342946549,0.389809599152814,-0.0470689411953246,-0.122194552413592,0.259470628624707,0.290993239591326,0.184073645283913,0.154923987616798,0.136829628297348,0.17640826452959,0.40256497725512,0.319052895411821,0.318621514414166,0.0926742580741902,0.190367358050669,0.0506087933984932,0.227966818119662,0.392390274312788,0.265579786401005,0.215274089601995,0.251527048751986,0.222479529086812,0.241873006401531,0.271835890320458,0.246360309841974,0.218217269966183,0.0880056532086514,0.0448181716526786,-0.20899257002741,-0.187992625381687,-0.0300547490046002,0.00876674644345707,0.229565269930815,0.213738336269386,-0.127650650032777,-0.198630730939241,-0.136736528479932,-0.106803997745044,-0.0540293142120424,-0.0877679448696867,-0.177411880070983,-0.110327689062085,-0.19315651092876,-0.17353528116598,-0.25526142869583,-0.207417978696213,-0.154026420861771,-0.164855527535971,-0.216712715534293,-0.206026803771906,0.319828788474976,0.344323115152747,0.051475617074686,0.0161892451034903,0.0261128011407182,-0.101541588527786,0.36259267078808,1,-0.0175486844938803,0.26467078682466,0.139099485371503,0.05982394596702,0.196111994162032,0.194064164792497,0.311172896717737,0.198723481660954,0.0335339610313597,0.169366922725536,-0.0104717138644744,0.149062828882637,0.306841388614816,0.286509443680834,0.411992048513749,0.458105862210436,0.0759742587671796,0.103646953363998,-0.0974999197962487,0.166266829911537,0.277724686186299,0.350553371526911,0.222493735721931,0.21328606979196,-0.0366270974603218,-0.156756625520556,-0.238261175403697,-0.0125376543687266,0.216216753986953,0.112007576592959,0.00126636467086458,-0.0681933703329715,-0.0276403470298683,0.198440610372579,0.0171524818175165,-0.0397024812965365,0.240470744965545,0.257145965558265,0.111088274718724,0.00536842923105262,0.123968088556916,0.143913267047921,0.0473954630912328,0.12800098692573,0.0640703106703489,-0.0156294831848449,0.158946528124662,-0.0941881686143477,0.082539382050493,-0.160832134007972,-0.00873575869707137,0.182147661657355,-0.0293752955528223,0.18680074267215,-0.0613048178925268,0.15160080196204,-0.123308374043711,0.109431100648446,0.233790073408629,0.0863685762970098,0.00307754944332886,0.00644464332044632,-0.136956105665735,-0.143837113144942,-0.321396954210249
-0.628017715369663,-0.596075339849296,-0.612556206422531,-0.55643013448164,-0.438014778695509,-0.502506967033828,-0.65718274609389,-0.576844398133091,-0.614788555333036,-0.544781957481646,-0.596597488184799,-0.517225715498136,-0.582285955646142,-0.484120954252109,-0.602447858454709,-0.502607332971971,-0.574953003690897,-0.477314962787619,-0.456059860464166,-0.335858760682071,-0.512699795026111,-0.50650601971516,-0.49918039272635,-0.441946100385815,-0.592327103775771,-0.571861785912837,0.077379822326226,-0.131116372501701,0.00399098620309222,-0.450302521022991,0.134124823509648,-0.412627810634898,-0.200195319508853,0.202447698459025,0.229120850510667,-0.483904872864432,-0.498587769448226,-0.444063894287592,-0.126338781816397,-0.486454651551903,-0.4332467078234,-0.331244719834465,-0.282478643659954,-0.274635171141788,-0.580608770826588,-0.491577673770285,-0.535243785871785,-0.43500487771831,-0.118503282160093,0.244895444506945,-0.0189007544982755,0.339094635655655,0.195995251372192,0.410720673037316,-0.0742820490299338,0.174215262984853,-0.0929740331756441,0.293229951358861,-0.165207080945948,0.179536563546926,-0.49102687510728,-0.486594583524477,-0.484281936000469,-0.5239035368697,-0.534928045252201,-0.444505296583378,-0.571533820536055,-0.546162380143919,-0.380728634554636,-0.404426675937739,-0.511342590521776,-0.411379964705281,-0.342525940961528,-0.0842200963326854,-0.236084760521016,-0.150897043908182,-0.0981097274577645,0.112477223342409,-0.277387577113347,-0.0473919855055905,0.0369822226742261,-0.0387818809751996,0.161991268802867,-0.09076287900561,-0.567623681609777,-0.478884767611725,-0.210459145455743,-0.13678163523558,-0.241751748774149,-0.215706622708007,-0.472317258471728,-0.532787355948297,-0.265404696096196,-0.113137957982769,0.313699235615177,0.327671898712323,-0.0357075793767933,-0.00271025094883581,-0.443506155288146,-0.539878289608249,-0.0974634049934072,0.0218235559223098,0.226330629145223,0.0983846927523115,0.0475361300111264,-0.0723627242660947,-0.0976335248676871,-0.173994187335151,0.565754746202825,0.390918814287496,0.183282274265304,-0.0704504253705669,0.357180268678749,0.211252629487978,0.548243336281111,0.543314084984336,0.146630846363898,0.25242634446933,0.653555649410098,0.641438079049305,0.396947742294574,0.589424496880507,0.446387828915623,-0.0175486844938803,1,0.52386566251283,0.236035238042592,0.483121046211937,0.212250764882522,0.482687201992217,-0.30658378257605,-0.027657754624135,0.176445239662028,0.237860727872972,0.487764695669081,0.128970456047763,-0.551975016570969,-0.199113067998356,-0.410389783396941,-0.507110936731445,-0.440213087639881,-0.457157083502331,0.479857798256176,0.397382998094528,-0.01647826898348,-0.0273722719927127,-0.421236320635722,-0.285407024110062,0.377347258192413,0.263208307021373,0.0739041378899278,-0.204178586659088,0.40550342098378,0.386173002731982,0.388912315778738,0.454862005789679,0.0534843192785032,-0.302994130644204,0.0256889157098019,0.0341808632885426,-0.435786937667473,-0.212695478487398,0.120082198890925,0.0748139270856232,-0.184429678354506,-0.290690598903323,-0.00788714069709329,-0.171684873642947,-0.051619513676754,-0.00975173456884441,0.755569125250116,0.682524203818987,0.448040069676537,0.301679656035967,0.486422407223297,0.701207996594257,0.678516200858701,0.579974171711644,-0.216678534104571,0.282539842496964,0.579178033869396,0.0310302937200718,-0.477198616804102,-0.0977724146123804,-0.556824456130542,0.234445717853138,-0.48977764187661,-0.400124081316391,-0.313699563612745
-0.115104332017238,-0.0983911488564554,-0.0948313581767713,-0.0602582318793249,-0.116102442067838,-0.0677605969662008,-0.198882072485314,-0.124018245192527,-0.165836298138995,-0.137042915161514,-0.175786398031899,-0.114229728293892,-0.168783705321325,-0.108351306468967,-0.209855206235384,-0.101746717717373,-0.131701192418582,-0.126203016253311,-0.0308148835197049,-0.0156337829553459,-0.102952300337051,-0.126760664968598,-0.191339843314114,-0.0949913322902863,-0.244848469179877,-0.153203603504936,-0.17634995459415,-0.132080414402387,0.115069708467754,-0.145408599214683,-0.0257067792401964,-0.204028428232744,-0.167612337019544,0.0341203644694679,0.211135258562181,-0.155985132762794,-0.217373700530309,-0.143892980929909,0.0556050008842768,-0.235221764075692,-0.237133012688686,-0.177275242461521,-0.156401889818026,-0.224463801949882,-0.21186845020028,-0.150065199128593,-0.286805045814514,-0.207051629218379,-0.275192983338342,-0.00586064017200754,-0.222968584530899,0.0297786490023361,-0.0215779607105205,0.0284486117267222,-0.223478366418654,-0.0965745978243498,-0.157190364198896,0.000777689273058316,-0.0958293000247943,0.0133914391247953,-0.0229840059176706,-0.0709361966505558,-0.00441912851303275,-0.203277096506028,-0.189912624846336,-0.187713428230634,-0.0315664745683228,-0.0130355585815255,-0.171264021047871,-0.152212489289871,-0.127553057527075,-0.0813866172934687,-0.134283995742943,0.0179298340500631,-0.091630313673093,0.0377150791796733,0.12345885371035,0.135162070181631,-0.120613544916465,-0.136831104514074,0.0571783195990624,-0.228214956726712,0.0937534621983807,0.0751235124533293,-0.201039238966368,-0.210777873027395,-0.0377220735975354,-0.160040601390058,-0.010267538912148,-0.0884622398466488,-0.146235668107493,-0.158811758711312,-0.155389384104344,-0.0588794811952949,0.125053106229221,0.0907033754251198,-0.017687585565519,-0.0398856125556698,-0.123718924254651,-0.168719157998856,-0.125960486724397,0.0694175741545945,0.0729909222399693,-0.0203782615923786,-0.101073717533826,-0.208935772226955,-0.0564983632669381,0.0499950983619635,0.196756595697447,0.130008172467481,0.0304735580782405,-0.0667326574300986,0.176247834517597,0.125374507597143,0.177454512300756,0.212717411946606,0.196898448307247,0.201787751312001,0.370166249609172,0.311868895923761,0.16186736735008,0.231586436842616,0.343496434063905,0.26467078682466,0.52386566251283,1,0.162204294481893,0.368828864979077,0.330484563270041,0.376941895551782,-0.069551346948462,-0.021864938511968,0.078165526455257,0.0591995158658934,0.279973243467865,0.0646943731429313,-0.185661425605966,-0.105816609028485,0.0932483467868316,0.00628980908531737,-0.173874324363214,-0.142938275284771,0.0946022707406407,0.358217750082903,0.0226108588154821,0.0890422583199461,-0.201853819092909,-0.176576589205419,0.414403180491243,0.105253469676999,-0.00771416735075524,-0.131610221228853,0.2577184630793,0.123542907682829,0.203126416092886,0.0726011553290173,-0.159274270157935,-0.0660789900457446,-0.0974815188311043,-0.03611077228102,-0.123470923288537,-0.0925942497097261,0.117972766634829,-0.00362515694115804,-0.102594984514016,-0.206505576784086,0.00855463179638331,-0.0274498673776942,-0.101762474833678,-0.069902021912846,0.406005482783617,0.410621037586344,0.343232030047375,0.290619393443821,0.208022813869252,0.497918665386777,0.497180343856379,0.45848013680319,-0.0130445360119086,0.189448019961686,0.228272288892202,0.0211223252509541,-0.17539802498196,-0.0437577928601247,-0.219536422111437,0.273769611055467,-0.298947696817401,-0.234995810365564,-0.278272589600251
-0.0485264821579446,-0.125686402178612,0.0833928264023593,0.0740794490271506,-0.119864013475245,-0.00176850184904138,-0.0421836551902677,-0.20052705692853,-0.0794175267584085,-0.163707274145934,0.0437539164367529,0.0243117361967189,0.095190060593851,0.0843185864779269,0.0894583467934724,0.0735971798467998,0.213225712716301,0.193278570512465,0.0961898691725447,0.0946946440212552,0.184073227727508,0.12887542687036,-0.133593507686123,-0.195080929717959,-0.126172758876558,-0.106983013967264,0.0126387591078084,-0.205652678686054,0.15452196660418,-0.180732663574083,-0.115246681872243,-0.119916327067597,-0.0173960335543668,-0.162205977428026,-0.00853349834004709,-0.183968979480774,0.0214109742729016,0.0305682977820262,-0.0979185562771592,-0.0358217625215427,0.0350726433079248,0.145578789845256,-0.0176277529524545,0.0849028296645301,0.0611336217208676,-0.215174476017687,0.00704047391442327,-0.0175431932019474,-0.178790563726201,-0.249735160964997,0.0235422110690971,-0.191870517641364,0.00767810427007852,-0.175975720926085,-0.0410863935258987,-0.267563235807922,-0.0670397552943801,-0.160888633051728,-0.18114949531454,-0.290187648873933,0.0414917308754491,0.0393782091643723,0.0818398375768714,0.0679913068521934,-0.0671818376601682,-0.0594372220130577,-0.135815544409189,-0.141101829019983,0.139062731245459,-0.150954028280139,0.130538103950987,0.0726702699031671,0.137322931293624,0.0719976394312307,0.289075163649012,0.104769856078075,-0.0614306463014072,0.227382214456636,0.0503196298868965,0.0103931098856186,-0.0649785718516378,-0.08447761943933,0.149907221860024,0.0245799557762745,-0.0424083429287914,-0.0100743764271761,0.0389293840150977,-0.0102644446758899,0.00754205871870811,-0.0108733538128092,0.18694156462188,0.206032115895517,-0.0103822030771356,-0.256219873400377,-0.235781102872198,-0.252038856502143,-0.166580377294239,-0.261336223451208,0.0340532902735962,0.0819125595620623,-0.184404881043966,-0.199262348656625,-0.193020176280042,-0.250881502189656,-0.081821543610868,-0.240997035389682,-0.179902541035034,-0.266761984669757,-0.152919814333932,-0.205731199421648,-0.260284333910313,-0.308932466037888,-0.228633950944527,-0.248714449485897,-0.136480164302307,-0.199426429806314,0.221489331566545,0.32093128141219,0.213174464899979,0.231215067045046,0.304023432204387,0.102650483664583,0.23381322999989,0.139099485371503,0.236035238042592,0.162204294481893,1,0.352784886414068,0.336597474665392,0.465474676817543,0.0156112617218278,0.164487878210323,0.082398754656943,0.0473435612279221,0.0661251482088208,-0.0125161351255505,0.0664078251423361,0.114220846629172,0.077266317056551,-0.0578209131727629,0.2289731698593,-0.0888948772894645,0.0739033157154348,0.0653547289510035,0.269253407356114,0.227620602406914,0.138210124675693,0.00413759613319166,0.233379830627746,0.0256370409920334,-0.102478771104445,-0.035660485001286,0.12787362703211,0.254414699721015,0.135058947400687,0.248537516900562,0.170697321645268,-0.00529773235785796,-0.134115872066676,-0.114234432966079,0.0137278521744884,0.102203644170126,-0.0436284523754928,-0.232756881782316,-0.0714439262943999,-0.120555181064211,-0.164138293809754,-0.239020131469529,-0.108384691661638,-0.158170150899519,0.16529185377785,0.330153176357423,0.392961124219446,0.190928745120976,0.136409102244763,0.213500057310666,0.300914090950044,0.482860150417554,-0.225212011006425,0.293839664881444,-0.122139064961141,0.147058578227981,-0.022659744545643,-0.0792226778648218,-0.195062963900414,-0.114102777235059,-0.0525966385558832,-0.130927174675194,-0.266539116875039
-0.438823222989112,-0.3468661090565,-0.386632773241904,-0.264342497448982,-0.321170577139774,-0.313743075366255,-0.456923101400087,-0.283288162874189,-0.356426889579024,-0.204754537055789,-0.33136078508375,-0.284601975660399,-0.354532193960675,-0.218999181913673,-0.395410438012279,-0.222761735415683,-0.303799769041637,-0.156000242259455,-0.182372334059893,-0.000353314543085149,-0.336201116422953,-0.372717602672287,-0.545213035362324,-0.456827686780976,-0.452429397816007,-0.461049294717886,-0.180331468840116,-0.325930811709875,0.065202704168653,-0.09878550672406,-0.0220370606584516,-0.226813011175286,-0.22334409882369,0.108645637671054,0.279601920232037,-0.170104758405496,-0.270378933932973,-0.190116151748112,0.0433959127030695,-0.296682116751107,-0.0999662045633372,-0.120893700608106,0.0214002668298615,-0.24487423981471,-0.449782795146132,-0.316083760218754,-0.384423946028867,-0.367296768268387,-0.283327923736946,0.0287317606532778,-0.186906066948106,0.168234817608801,0.0886820481568441,0.150678380221681,-0.244219294875847,-0.0744770041661632,-0.124464692677635,0.162413901510912,-0.191269657887164,0.0728106557432255,-0.208623246958116,-0.20075164867801,-0.262590149008395,-0.263926320010117,-0.361437505753858,-0.354201807788513,-0.343558725524726,-0.260093198754262,-0.222106320247347,-0.22926867416341,-0.256469698351079,-0.146978452754308,-0.310632554583755,-0.0164865920375518,0.0113807485479031,-0.153195415390022,-0.0826339925151835,0.098250973739695,-0.0946624710843214,0.014744297476674,0.179478225145592,0.0238993519301961,0.238312191948312,-0.0312088292534431,-0.468353373220665,-0.449299092294632,-0.162169913981375,-0.215599503227097,-0.173471147918832,-0.215251459097069,-0.26762756669912,-0.306325700454248,-0.212441252583189,-0.0489797980669602,0.285079639588414,0.347950546029077,-0.011364817277501,0.030309087031374,-0.252934994902412,-0.265448429501978,-0.042252348752944,0.101645061027841,0.294157462745451,0.260184148674745,0.178659823591425,0.179947883857822,0.00893060728811435,-0.0490602889758798,0.458588226513476,0.36980279821826,0.274362713215388,0.132912148171579,0.440476633827423,0.310205685641267,0.48130748264897,0.430922581798376,0.0876984440601252,0.263133617302562,0.405051013842256,0.444936766317817,0.32741809342085,0.488320461607323,0.147969434485366,0.05982394596702,0.483121046211937,0.368828864979077,0.352784886414068,1,0.32359890455925,0.44471181216978,-0.075549362676298,0.105396883569343,0.291149053931204,0.18292831585627,0.374380381882269,0.0765612646460259,-0.29497831645094,-0.0489120457806786,-0.2207678382843,-0.138074769219583,-0.257677411249056,-0.212604002965732,0.222916929338031,0.195467817123078,-0.00289968042070898,0.0714013337001232,-0.22741616823515,-0.132961329003506,0.394925623611343,0.113407155309654,-0.0130966907146735,-0.407222127086899,0.247628762192998,0.293052502597994,0.299491638245513,0.225012204785943,0.118197105063721,-0.19144435747189,0.0389951946047602,0.0647055890632586,-0.161541382959663,0.0943488923446694,0.173531140344691,0.00953815271910289,-0.151193935182145,-0.22316689702906,0.163628964106167,0.0234728159498042,-0.0105649041648481,-0.129915488315297,0.341817803575893,0.496133063912151,0.481773763346293,0.232606373614786,0.304526343119458,0.388305438250783,0.556775759516918,0.514219481018283,-0.160983743826645,0.0458146715724898,0.50213967838137,0.152756138682838,-0.20646104863604,0.134826157498883,-0.257144610136644,0.335551677029014,-0.350610827972085,-0.330815595464126,-0.288286085347606
-0.121246105648266,-0.147930886799245,-0.0440873458154422,-0.0197136238028116,-0.0218345402975441,0.0161376839086165,-0.174064349935526,-0.142591237192542,-0.0812018625366513,-0.124130274132827,-0.108294271623102,-0.112607322845534,-0.142867463218789,-0.0459232440062674,-0.153594152111917,-0.0389897647863688,0.0120150872311676,-0.0192464183748321,0.187419742995278,0.157739635495451,0.024298938328729,-0.00279872899563091,-0.239637750188323,-0.187396531652811,-0.243099206637744,-0.177295380606152,-0.250157825813867,-0.157754076996143,0.226918103684426,-0.175022586466491,0.0190922848359624,-0.327546489553046,-0.254627165049766,-0.0598575018646253,0.209918026118593,-0.118954975438251,-0.0944219990075303,-0.113583528585842,-0.0351816160313693,-0.189582115180777,-0.00594399290980178,0.0311706496371776,-0.0319409915446441,-0.1064553072567,-0.150594378439061,-0.149645206596742,-0.0749617591269207,-0.175433614681722,-0.330457631913635,-0.0648154598176368,-0.125750363730572,0.0247573356633292,-0.0917203343425772,-0.0384356101996239,-0.29449298901635,-0.150304513305479,-0.161118179115014,0.00127258379017632,-0.167129293850448,-0.0327732314619194,0.0138211318985091,-0.0127098878442891,0.0659964459348305,-0.0147390618868997,-0.107621313424896,-0.106587389822016,-0.0173536764368759,-0.000217746835603711,-0.21245531455344,-0.191000366444187,-0.0591760630886831,-0.042945603300628,-0.0764366405016093,-0.0423450611430783,0.165594185338664,-0.0482645973242421,-0.0659847872421686,0.0290338013360901,-0.0592715811913775,-0.0966131069807404,0.0701490951219289,-0.0306773975678519,-0.0302025267850613,-0.0996434179207284,-0.187598094441733,-0.263352564462784,-0.0197497975837017,0.0157354510882079,0.00468462846198327,-0.00925511387923979,0.0329818285592979,0.0266841054675902,-0.143029730376768,-0.0318183061748883,0.0305310709630389,-0.00720791296546277,0.0178557159730023,-0.0055692142169564,0.00531895403814893,0.0106215823213272,-0.018855855941658,-0.0627109644276565,-0.0203004039863623,0.00412958688488047,-0.0744332488672756,-0.0982819711677191,-0.0992608315497679,-0.101412124261112,0.20169728823345,0.154528344946822,-0.0776733185972612,-0.048313265218131,0.150247872194012,0.030892858106113,0.163755955658159,0.190549709147515,0.3765766945064,0.155193607857907,0.255037944324626,0.247929431757232,0.300228985417996,0.170275580378102,0.320674859362045,0.196111994162032,0.212250764882522,0.330484563270041,0.336597474665392,0.32359890455925,1,0.290020524725093,-0.0606553621543829,-0.00852402135246455,-0.00718916255316335,0.0250793345072098,0.173189210769599,0.130911764112003,-0.110605362864702,0.0276514177633817,0.109821349379907,-0.00411035926670824,-0.0887458644946016,-0.158896022608392,0.158405957510564,0.144994025009772,-0.0155722283803028,0.0237403481590652,-0.102443203634452,-0.117608752828684,0.50839509184125,0.128560297006767,-0.0575828958060963,-0.032384141555888,0.0638961205242634,0.103906094422416,0.413994869267454,0.121680141062561,-0.000128024065903827,-0.0687778422965116,-0.0888178890991422,-0.0892437543807899,-0.0150090634321647,0.00744616337135938,0.141673291803131,0.0140012590487298,-0.126029970343544,-0.0747133211296981,-0.0283921934402104,-0.0932412595870107,-0.0510467487617376,-0.0846861664170593,0.149618013745688,0.329625118988497,0.751163794315577,0.286180671265287,0.224326301354664,0.213799916712015,0.17941920842051,0.400073713347839,0.0314076544009458,0.108663668497121,0.198172856356674,0.12881269248319,-0.0593040898836692,0.132946858386056,-0.132051105935697,0.390716784566128,-0.15577368322278,-0.287290612430439,-0.341314739338881
-0.387679473117109,-0.358150729255623,-0.254424311029647,-0.210270816035233,-0.225966514186118,-0.188668689839966,-0.36930711852753,-0.332121577455665,-0.390791176364459,-0.312997852119577,-0.342487949195586,-0.305779699191571,-0.334664172529732,-0.255730200025055,-0.319003368956287,-0.27378107334037,-0.23046907950499,-0.189868897657927,-0.064266940530605,-0.120896281874414,-0.150615599173136,-0.231713862232115,-0.416404678913282,-0.487631777711244,-0.476102721934459,-0.442455368241876,0.00289329904809266,-0.285461585658705,0.121942424390704,-0.40177272495192,0.0324598054794772,-0.266234879353049,-0.27156038040858,-0.0774560781699519,0.237655134736271,-0.366281784368268,-0.357725462214283,-0.297439546448591,-0.191373246094275,-0.366642536807338,-0.30259192961884,-0.188053988241055,-0.135528419091227,-0.17789032294049,-0.326463057652267,-0.401304980785486,-0.304819616355509,-0.331150683439867,-0.356186120981376,-0.0973162694976044,-0.0932442310815022,0.0768347682693953,0.0101332566828823,0.0711547213613435,-0.321603769768246,-0.205247084240962,-0.202309046768251,0.0448064384192782,-0.209875451193102,-0.0242999409878133,-0.213197711195467,-0.19243935797694,-0.141263546236378,-0.280972010646166,-0.235240364997304,-0.233777489896193,-0.367389377465658,-0.348431953925767,-0.195645233645799,-0.321957793718032,-0.272560814516715,-0.203538038052069,-0.170003945081764,-0.00382167841554163,0.0518520309205656,0.010181852399988,0.045298046442141,0.219601125280768,-0.0300180770062946,-0.0155224809758888,0.128078837064228,0.0381157849811406,0.182528614479026,0.0650192759843441,-0.211070294716516,-0.188037608982858,-0.113112669985565,-0.0862058606559305,-0.143229673969164,-0.0835527396413152,-0.167481722341234,-0.229463901080525,-0.0727957745061068,-0.134141619289702,0.138208802527405,0.0942106588517851,-0.0872448549429531,-0.213413774198983,-0.260148056704385,-0.274678896210214,-0.298948724652264,-0.141150209431138,0.0894799612487778,-0.0421663143852688,-0.0664921905859571,-0.126874697232693,-0.205265593122165,-0.237526589599727,0.193150602730747,0.11105676428272,-0.00686132705686626,-0.159512500495324,0.0389737411274923,-0.1140863032553,0.174599127265787,0.136660305519362,0.285693086546383,0.337373608312352,0.476032478451726,0.537673478197914,0.285666468566784,0.567584809544423,0.488370522948356,0.194064164792497,0.482687201992217,0.376941895551782,0.465474676817543,0.44471181216978,0.290020524725093,1,-0.0330409157899348,0.0813245613264058,0.18168233666255,0.247214230481651,0.319897719826571,0.295828774262259,-0.29107630233438,-0.0793880034465508,-0.135219745439568,-0.261011906354154,-0.210332058845317,-0.313752646109557,0.257778335059444,0.323975817440044,0.104882916769928,0.0737870212362733,-0.193871950984131,-0.169119854540859,0.27606369573802,0.222648463286544,-0.0224644498037491,-0.119644368731269,0.366603163777611,0.400550798083453,0.340995733044201,0.305722977634741,0.0173882410773568,-0.157491103579559,0.00112179349349708,0.0370250798535427,-0.108678242885719,-0.0239173912212603,0.110937463245867,0.0394007630573584,-0.235734732795336,-0.151712797303323,-0.0411297352472325,-0.0813345306950376,-0.0354288343556863,-0.0364501354024776,0.47200238845438,0.423045762232603,0.460421070792153,0.109484413221925,0.406367507794064,0.537128749141158,0.568900045301948,0.722367862402495,-0.239854482191435,0.313909206993498,0.247346090230433,0.110734751527232,-0.35778392448563,-0.0295717813413794,-0.329772780053573,0.227829020808486,-0.405266148751793,-0.410103353882922,-0.426556519225099
0.318908129361118,0.429380151048884,0.382708089812363,0.491744420780304,0.226313858436951,0.391063972513552,0.287543335057284,0.414009670058292,0.312759596102585,0.409403666604439,0.323956478600752,0.371694412880949,0.295718770884022,0.444106496754476,0.265868767575106,0.435200544324387,0.442904848826063,0.483832641779021,0.411303545774866,0.463566116506519,0.325843446221686,0.298833995751037,-0.0776461900882736,-0.0645720820350274,0.155239465648936,0.203843062927416,-0.255301045216701,-0.347004793354654,-0.00853475779679707,0.233185842678349,-0.0546758339407432,0.0879296896515611,-0.354652615752209,-0.470516965493176,-0.123944269567984,0.367539338642625,0.215666227734986,0.323818942926386,0.0508357738213373,0.179407507948578,0.216944468516993,0.136507086031499,0.147137139726287,0.0509146042006597,0.295515871125036,0.247318291495784,0.238000920011409,0.19109443636515,-0.327450478566232,-0.435227242844301,-0.297033608798578,-0.451424184885465,-0.0172213551565433,-0.497469704739341,-0.296527537405772,-0.514612146163496,-0.312652874833973,-0.455116873116689,-0.234183792913233,-0.338884822464679,0.536162107282977,0.533490368544467,0.392193115493768,0.385108791066987,0.424031139179084,0.231208102922178,0.38533891158754,0.425807633347397,-0.0238295677590783,-0.125513226298187,0.391728539347983,0.467595775147773,0.492362871777673,0.417868742340681,0.329467988882633,0.190461408968018,0.74154591714021,0.630113607339102,0.807683576057444,0.680000819534225,0.601505878331726,0.332623522770624,0.244739250098499,0.457853674175704,0.438854584015357,0.413377356709759,0.565465178143611,0.450759471897063,0.56490162346588,0.534790988553297,0.471771356020755,0.358185952458317,0.218337050375916,0.163490347363556,-0.141937993915993,-0.176731811049185,0.19677837526784,0.140383213928223,0.507367730752542,0.455386935281404,0.110202478656336,0.00915920881639764,0.0381297122628595,0.0389429541578183,0.119189059136934,0.141338213739418,0.102503469158434,0.0396914706003717,-0.356579920504616,-0.231284686101962,-0.0403318457869843,-0.0285627450224234,-0.141157551384376,-0.079771796552741,-0.291090790567303,-0.302182133825398,0.0755385904232895,0.0639111242724103,-0.166075969119654,-0.282996513566615,-0.188340813423812,-0.244462760723005,0.0671941209522486,0.311172896717737,-0.30658378257605,-0.069551346948462,0.0156112617218278,-0.075549362676298,-0.0606553621543829,-0.0330409157899348,1,0.742767687278952,0.495687853713179,0.382444108455418,-0.032157126123595,0.249812535126443,0.492405885769849,0.637415389036924,0.464257220729168,0.469939097887809,0.168546851199183,0.185151097491793,-0.155304344867015,0.0413745695032742,0.208144049647668,0.181943820433963,0.634991441891424,0.659527168476773,-0.148784453696496,-0.257113079593671,-0.323962650220506,-0.182251220969265,0.33206231672576,0.195233844570517,-0.212325788023492,-0.320317721521963,0.34261001533496,0.449834151862919,0.472941203143912,0.30980331737403,0.590926449008892,0.495650552352982,0.166968565748253,0.0124407934999301,0.250116498438495,0.39741184516055,0.253020760766632,0.338157906842994,0.140408197390373,0.115729352061443,0.0116151176858891,-0.431257712651571,-0.131382499567218,-0.196624984443188,0.0317810411269322,-0.0121826565545928,-0.306283958537113,-0.148929626306579,-0.134571119032777,-0.0346771706177427,-0.290284600559133,0.0589454369598073,0.366206964611867,-0.038462063062807,0.229931896922033,0.0169438333277427,0.0532074184262374,-0.150112865060529,-0.153302709346295
0.0281403523592302,0.151287916645194,0.107038965011018,0.283621562387283,0.00555794532786232,0.143905893284963,-0.00025389656025572,0.174030660894033,0.0589344154669523,0.216332866746066,0.0514288608783688,0.111881719475567,0.0237694269744919,0.187935713848119,0.000643949721180958,0.200171301301875,0.204836650562154,0.251074895787687,0.214424350020593,0.260621706767071,0.0527167062750821,0.0277249285519368,-0.248924880931688,-0.339326033397208,-0.117374103663435,-0.0834323974276837,-0.0978227706271619,-0.321512686795231,0.115226465674725,0.0747011349991135,0.058236065761937,-0.0180952238220295,-0.360642924311683,-0.330643408136508,0.00619529445703318,0.0452584386562755,-0.0344504302127364,0.0242237416564411,-0.0203724806675114,-0.0892907427379743,0.058171595857271,-0.0744942836827701,0.110904912821389,-0.0824196234558553,0.0579182993253661,-0.10208354155594,0.00261682855536846,-0.0628326785462441,-0.276490114984962,-0.358371075432209,-0.184612412634962,-0.295342767326832,0.135575400346488,-0.331391698860312,-0.180429288321739,-0.404650672322448,-0.288545816824275,-0.343218823095985,-0.337406914875806,-0.351757290829223,0.216727962796093,0.251839912269156,0.0903002987182585,0.108831127157702,0.100375264148323,-0.0397841122272169,0.0412227751925482,0.113084763928287,-0.134667121130098,-0.31319549346505,0.12722807865049,0.208962009400334,0.347256671238989,0.284212330721477,0.280270103252366,-0.0117139924076751,0.494666548069184,0.837295309003288,0.683591924987202,0.814864107325625,0.504944001601622,0.456898621542155,0.453067593596878,0.525700766822576,0.111005738827923,0.211196420774899,0.426691264122755,0.495894978748793,0.361620280811513,0.518894626404479,0.225089123400894,0.180924379927074,0.134131603912561,0.0806992969931765,0.00373497874920121,-0.00768259124595156,0.136017749599915,0.0286178447030754,0.247721673798782,0.188647115950195,0.0022782615687949,0.0907984470462357,0.131678961378379,-0.042616178577137,0.203704879350119,0.171104951476972,0.000958242091132616,-0.0354833114601786,-0.106930183491909,-0.0826240694549731,0.0135953344251994,-0.10030155017738,-0.0467708068820177,-0.0842279685022484,-0.0624436752702697,-0.134952314792785,0.0385593607952432,0.271785647722394,0.00115189081785386,0.0262907112209639,0.027194906696235,0.0452596790392363,0.195473650803836,0.198723481660954,-0.027657754624135,-0.021864938511968,0.164487878210323,0.105396883569343,-0.00852402135246455,0.0813245613264058,0.742767687278952,1,0.619657024526202,0.568615052895529,0.138202353114542,0.348689894207437,0.193645206847981,0.614389937517743,0.159318745454631,0.162189832343295,-0.0150174800208557,-0.138964379128618,0.116220786842079,0.151457510999326,0.235902178948058,0.264456137585614,0.52389105766174,0.531595452606801,-0.072899329558415,-0.151950580985997,-0.290554525650914,-0.213354168938789,0.399304456665906,0.583759946341964,-0.0592727621360061,-0.140287638271378,0.441027444101777,0.282213765674743,0.476195382720777,0.288090451178027,0.248809065187984,0.372428317599592,0.0746745363434816,-0.00990890638735232,0.131968847375803,0.349828127297942,0.160150604642118,0.0970358378412762,-0.0224082747796247,0.0301647036844152,0.134796358642866,-0.147686877732647,0.00832057419984941,-0.203179652601465,0.242861082651183,0.226716392063662,-0.0239149495957265,0.081513467191633,-0.264186873696755,0.00442119463301682,-0.0565434467992427,0.104870800375214,0.0540514639965708,-0.12269396386852,-0.0255274398988049,0.0284523467752912,-0.145909526150678,-0.218376404654061,-0.302777952199433
-0.293323560769653,-0.111965401473286,-0.210267671437233,-0.038734296113633,-0.101157118143781,-0.0866450434749576,-0.255110435460276,0.0124705506975551,-0.173508918199589,0.0557993314371299,-0.264050013362428,-0.147172781431459,-0.254686152763061,-0.0923386524314285,-0.303226965098664,-0.100100563448781,-0.116020459072039,0.016511231383224,0.0532869796179067,0.172425972968006,-0.201713227092272,-0.238594872965739,-0.445416964544604,-0.46583762203667,-0.344131146997413,-0.319221839828371,-0.141385123661433,-0.446172793040283,0.123102720439535,-0.116432319488463,0.174623781684028,-0.108712780622965,-0.402489705240906,-0.244779131910245,0.206475387330791,-0.0905125074241608,-0.26529087472563,-0.148690811210434,0.0894386464585873,-0.239795771220763,0.070994944608885,-0.121203299996699,0.345533429101492,-0.0456730232785141,-0.179692821047262,-0.135473755256968,-0.0652938393046066,-0.139210704028311,-0.220279690876183,-0.124921521563242,-0.238294006759578,-0.121027887260631,0.116136456119452,-0.0605965971528086,-0.226285736662941,-0.225359720284188,-0.314514052805272,-0.174039202182336,-0.38389331042763,-0.167253043856546,-0.0779098700474148,-0.0362236469717634,-0.16591184359922,-0.169982367699274,-0.0883286645126707,-0.233323163698992,-0.197739663792842,-0.0996314622104485,-0.19880035521385,-0.367529878783036,-0.201246745855208,-0.0771764553400862,0.176047880971544,0.33423155893535,0.175258784972187,-0.0904329717446145,0.371542874851214,0.48146067829772,0.518777930918268,0.604830635446928,0.627523549581048,0.432892099959064,0.473821529392781,0.360781818702742,-0.130565576669659,-0.0412303359301766,0.208611905701072,0.132462819094865,0.128731063032288,0.101244737511127,-0.0254656587284746,-0.147683482354592,0.101738761147355,0.0257362862249978,0.256758542235822,0.225736948634976,0.279079117165546,0.122613101449199,0.037881157953496,-0.0939183165510134,0.170907873358404,0.276058088088619,0.314209851505088,0.162832300205651,0.346624283186253,0.3609968360136,0.160887125398287,0.0491821784015693,0.155298687496297,0.199001736292604,0.375406691573233,0.148134458301579,0.333337325814361,0.249510377680126,0.24583782423422,0.159454220738247,0.0784274293302139,0.270592957909547,0.194639660567814,0.227296538087356,0.124047727198431,0.178913374794615,0.168392364113191,0.0335339610313597,0.176445239662028,0.078165526455257,0.082398754656943,0.291149053931204,-0.00718916255316335,0.18168233666255,0.495687853713179,0.619657024526202,1,0.533966089069162,0.468106143422979,0.33046851504196,-0.0897476589444638,0.337890259821212,-0.0476537269894526,-0.0675657837370626,-0.185066611644172,-0.205726305153014,0.359331534236077,0.0986017479884765,0.0335483725142593,0.0381667859893389,0.238787978477485,0.215782454611024,-0.0645646039647457,-0.0770912749057682,-0.123192813583844,-0.336319774219248,0.45964990783061,0.51316940270033,0.0396416942759065,-0.0319837473600299,0.489692689348715,0.110993295691288,0.520636483130582,0.431557272402211,0.0743137715722346,0.147793673399883,0.314618748854962,0.108835853594766,0.00853390236077531,0.0442620614381117,0.241172694782975,0.148304552703637,0.117544743625389,0.076150556220663,0.245231522306085,0.0673137017632734,0.0854058300177089,-0.201746204596598,0.377336511009459,0.26220300356364,0.176557969083568,0.0745792707991795,-0.342478227840137,0.0436498812365143,0.208790328394652,0.204640367504108,-0.193401529029213,0.0553447279025725,-0.132232028987243,0.213937421850553,-0.24776917449372,-0.367328725518651,-0.307647317071596
-0.343102471199041,-0.169551827750139,-0.281061156630827,-0.111812518851674,-0.308557539957362,-0.195425577692742,-0.310104854100592,-0.211466125992273,-0.319281326768605,-0.16232399409313,-0.318991569993999,-0.278617817378014,-0.369284610421223,-0.195237607377598,-0.355007986854945,-0.205239254322166,-0.225971880485115,-0.129462532931496,-0.0140855029793096,-0.00939916124155069,-0.286165698087043,-0.306903488499745,-0.481196601178835,-0.489515430417006,-0.475418062833838,-0.342526343458625,-0.0999731226925173,-0.41599655184166,0.148375802989104,-0.219675883351335,0.297705683487965,-0.330451271363286,-0.568802848799489,-0.332561453738442,0.19321757775196,-0.159963711644382,-0.355690234462478,-0.240896312918803,-0.11262597656983,-0.364722780447834,-0.160348554180003,-0.192002221773304,0.0518056684525371,-0.0881803239534994,-0.287432744763746,-0.386622499783826,-0.137171545795576,-0.334455080460547,-0.343476426741871,-0.129023284886357,-0.290959353527178,-0.119546304949422,0.213771572667578,-0.0594402669701232,-0.262096182309271,-0.190343729873997,-0.455739605992702,-0.235518823944157,-0.48553247327444,-0.175349505608763,-0.153398360306777,-0.0772329897037493,-0.21023109436354,-0.232292567201935,-0.152742088211471,-0.29883714098081,-0.23564706111613,-0.138930562656444,-0.438602053337514,-0.542397722610535,-0.27950978375067,-0.106883826072824,0.044898627157228,0.20926178469805,0.0711723943925218,-0.126594458650443,0.401049507902492,0.561506354964342,0.399054435975259,0.580366434552532,0.454348932957274,0.509469879434438,0.551331655182528,0.555088922898739,-0.0831148602743012,0.0668171908527044,0.285412496117557,0.174602656057595,0.100559593954611,0.172012172623046,-0.0694944715891647,-0.134592572082625,0.130299117632831,0.0868895982238964,0.229571763054983,0.172882681614846,0.185911427681839,0.171846305669856,0.0210489375085601,-0.0885980829767781,0.0411303606375512,0.114512215973641,0.239500348252948,0.0975776203373709,0.3323601143786,0.293538057095232,0.0211526873683945,-0.0231569860791079,0.146682360826855,0.145341705546965,0.182922178465151,0.0721114432008232,0.182795803665638,0.058856818136071,0.183635278629464,0.113133443716807,0.234817244691187,0.274828143457956,0.296698344484358,0.332004992408599,0.132178687647247,0.328015416223688,0.39954912636703,0.169366922725536,0.237860727872972,0.0591995158658934,0.0473435612279221,0.18292831585627,0.0250793345072098,0.247214230481651,0.382444108455418,0.568615052895529,0.533966089069162,1,0.321557792104527,0.58481356756591,-0.142475092302397,0.362086560212945,-0.0860148329129999,-0.0622178052968068,-0.382631969064579,-0.451403703841343,0.3989202305715,0.415061964412106,0.16369392392565,0.103197830973187,0.152555152342265,0.168157778433699,-0.222216984121889,-0.123703810165949,-0.199904677516384,-0.139126194071913,0.534754362503817,0.558872190629307,0.0674526209010132,0.0338890432970394,0.375191812237837,0.101314629135676,0.402882616566671,0.327857356735124,-0.0442817891065233,0.0891873859875277,0.231997723763681,0.237479459557721,0.0546242466445808,0.236481476656191,0.126175817853966,0.0729892270340203,-0.007836564937679,0.200687880201159,0.361047910783972,0.0635324906922172,0.115851322548786,-0.365824395418113,0.36920068130872,0.387506757062373,0.225435258439224,0.108121751606738,-0.382646539553116,0.14251695404075,0.212013863123079,0.161421509578596,-0.149925469373233,0.0496064153376133,-0.211142010119337,0.0821722950755081,-0.350309747367015,-0.467815058845281,-0.347635566614037
-0.471150412681798,-0.383197133526024,-0.408076766464212,-0.308564823362532,-0.214729005992456,-0.241602230698878,-0.450885863016468,-0.244345640773733,-0.372277681890006,-0.190060648014738,-0.503872986164503,-0.39175095577108,-0.504764443365618,-0.375989319967561,-0.538196267082209,-0.387121507768126,-0.385794831076944,-0.266983757995225,-0.121859041520504,-0.0207121482933654,-0.383940799919624,-0.431728169858669,-0.457758224208362,-0.492481102030561,-0.499902869193331,-0.49971483186485,-0.011002090251094,-0.188749905411978,0.169625618662653,-0.339927945863253,0.226399486729879,-0.236016481520745,-0.319357408774936,0.0498611261954399,0.301867275392858,-0.365341223653184,-0.486273619177246,-0.439172198819838,-0.126104132768688,-0.472678343958444,-0.250199669237142,-0.347858539793607,0.0773132257060595,-0.215885805378612,-0.472097377357944,-0.327592413117821,-0.336006927074919,-0.36213202550437,-0.210434494756464,0.119565249235788,-0.0136903563565562,0.203582958950227,0.199343034133524,0.189812887647457,-0.226990876328908,0.0141288710313043,-0.149438766765425,0.107287790836664,-0.250904942923646,0.103832627789679,-0.31758114679258,-0.315237879899102,-0.392024432393326,-0.436356945375488,-0.412525925334969,-0.441802272766566,-0.387075026938446,-0.347011976497364,-0.300741288024726,-0.336217126499254,-0.420551480445914,-0.351650830248139,-0.181165637777908,-0.083106877582172,-0.179818884527434,-0.223042671678471,0.0611428362213109,0.131254135756173,0.00184637498053974,0.164950136013564,0.199892565693036,0.193963004888202,0.240390193743,0.000437570006881741,-0.382846856215121,-0.342565251090705,-0.0759876107661527,-0.0584204404676153,-0.259809042324318,-0.167334310664663,-0.312464190282166,-0.38626769727976,-0.0947111632220663,-0.158720400141097,0.361790479847271,0.347305328084964,0.142132510234886,-0.00532955384159639,-0.260755321398976,-0.352473861574737,0.0617702998091264,0.14701211246185,0.281040152780335,0.143709901989573,0.173749051865884,0.181393396137707,0.0558129664803988,-0.151897488145968,0.439819942148086,0.32115071595218,0.271281627961263,0.0380668814957318,0.356994489909243,0.191837480313147,0.436438746410321,0.368298745966624,0.164614037599348,0.24187955766895,0.405143335619617,0.428669260879725,0.272185023625601,0.365970306383521,0.194865807347207,-0.0104717138644744,0.487764695669081,0.279973243467865,0.0661251482088208,0.374380381882269,0.173189210769599,0.319897719826571,-0.032157126123595,0.138202353114542,0.468106143422979,0.321557792104527,1,0.262749919074099,-0.387549716733851,-0.0557733274062044,-0.305898693871067,-0.288900290684054,-0.493361875553966,-0.367097252442182,0.58090891293014,0.30700298321328,-0.0308639635460279,-0.0359861802842511,-0.147964084979988,-0.177287682005229,0.186182642135089,0.113918791502167,0.0588803376245139,-0.209550251784604,0.406569815096469,0.408130579082727,0.240449306098757,0.183746515071712,0.187043201396797,-0.256904456666296,0.168872617122605,0.196299969570125,-0.204847440085867,-0.10822299722994,0.154436362116823,0.14654574495894,-0.177874983043559,-0.101932276638207,0.104038815588155,0.000269714339569251,-0.108881420670465,0.0159778841926849,0.416878226571137,0.329148026492502,0.309319091580602,0.0203164870464766,0.436967313196812,0.437375507845978,0.405248682178649,0.231054341352033,-0.239009815805174,-0.00143547475354486,0.419679989166054,0.111737986659362,-0.444148981206489,0.135423302855492,-0.383584013025665,0.336209604702545,-0.489231987197505,-0.459098524273696,-0.320006415507541
-0.171749838745191,-0.0809389538350344,-0.187594813513441,-0.0866432582974212,-0.177402026498151,-0.177445216996348,-0.236469608449769,-0.136282393430298,-0.16014663047445,-0.110344421060077,-0.222122369690475,-0.269907236132936,-0.263852555805405,-0.178106625595019,-0.269601828577618,-0.2085784849097,-0.181478463535744,-0.174374006806054,-0.0401609469123282,-0.129314475492185,-0.279749432286184,-0.346693526242292,-0.274093332872135,-0.302229710525007,-0.291661993212627,-0.232640389479713,-0.0895509221123995,-0.163491054679488,0.114518381667634,-0.136517558015178,0.169310784626159,-0.248670503565883,-0.396633718258482,-0.176871431861745,0.181964143059129,-0.103299147194349,-0.294009641269613,-0.242879204911913,-0.0846319814667035,-0.371361856297221,-0.228094291187685,-0.298307749595816,-0.0805750873477575,-0.234261143202777,-0.253986985688097,-0.263360239751171,-0.243721306905371,-0.335216422008309,-0.394321298444333,-0.148358241341047,-0.0960281414045844,0.0162796920712004,-0.0848796222922515,-0.0687690566131539,-0.352665186419401,-0.222958723255658,-0.244675825062132,-0.0432839666625634,-0.246191861532524,0.00963867709658055,-0.0975730742375959,-0.0825394566603518,-0.112645975116262,-0.263082144964927,-0.215063849353563,-0.287632636497395,-0.0893532601635851,-0.0380415771780654,-0.346641242674886,-0.396356552576587,-0.169697859936294,-0.0589286344173016,0.0675486640580269,0.106211361074822,-0.0500684039623801,-0.125862123089714,0.282971906695502,0.326474073202976,0.364760493626706,0.377978120953847,0.384220440959843,0.269406813049112,0.390089196759555,0.398471301579454,-0.0883277951164342,0.0477238646741641,0.0858928105616213,0.0820435347693328,-0.0749794147893463,0.066610050832059,-0.0940040183491542,-0.101467185805969,-0.0955392827889016,-0.00931297154111257,0.221827407722025,0.116543382773924,0.0944241206688446,-0.0139714452312443,-0.0723457693580376,-0.104678461554659,-0.0694357445907095,-0.0178736216036141,0.176574567823421,-0.0105830131877156,0.260335089584832,0.126859836357518,-0.0580902755696983,-0.186159868887945,0.0918445175803536,0.0151861123599449,0.109976374212824,-0.135857147470135,0.0267751500453788,-0.129228471826462,0.0390351551666749,-0.00455700217023826,0.204985467786453,0.135114235094418,0.198491175369383,0.279216683504668,0.0441116690792388,0.32433520047213,0.361250840634609,0.149062828882637,0.128970456047763,0.0646943731429313,-0.0125161351255505,0.0765612646460259,0.130911764112003,0.295828774262259,0.249812535126443,0.348689894207437,0.33046851504196,0.58481356756591,0.262749919074099,1,-0.0188415866128368,0.295151162902745,-0.0687278248656081,-0.0888326065830477,-0.342820608379263,-0.356720688421158,0.330046496523112,0.432170884909399,0.196027722974543,0.176038361466591,0.109852134500882,0.12541038765418,-0.0363487620234561,0.122773781390826,-0.157530472093188,0.0207689870208884,0.315283970807454,0.407264747083677,0.0902060847973095,0.13852158371038,0.150954147858646,0.0881762418083352,0.403434118639184,0.147772913913291,-0.0399878776192021,-0.0250025259503791,0.118474890780666,-0.0550603972325906,-0.106666536070058,0.0999064013554217,0.0446222828342817,0.00736591216628093,-0.0879040221909146,0.0319205610567823,0.261317475414613,0.0264620987945734,0.122411755579977,-0.204328464162607,0.216569356767536,0.344340918342453,0.193777810151928,0.119131494447086,-0.1160229325876,0.202987144470176,0.0667105430491218,0.202685058535547,-0.113722467301542,0.0912518776021374,-0.161523160320177,0.153419767126887,-0.354259656071215,-0.378331033373535,-0.384002647191665
0.78249364847301,0.769369868533486,0.710044792651406,0.702688486100668,0.400690463535309,0.572952303950424,0.717194589499608,0.620060895809795,0.636004760054742,0.489778737240839,0.858375206534197,0.821472369117104,0.789494096886847,0.841309649266209,0.811599393400811,0.839735271750267,0.800731725904994,0.778153285555354,0.492608646790567,0.448968974331952,0.646672541321202,0.604742402630629,0.430678154083933,0.471537586468588,0.704571552225753,0.747540928899501,-0.161137576310775,-0.130986640095571,-0.0222958986332192,0.527555937322573,-0.130174368519171,0.230768113554871,-0.0433055064721511,-0.486471785351596,-0.333525567015307,0.689023528700473,0.766157422538716,0.743962828445057,0.0799266717977617,0.543938432303509,0.497384223189762,0.495230190755169,0.0901011197258519,0.272463147598562,0.735724371939253,0.573535785382372,0.602834518245497,0.59827547547878,-0.16529021848902,-0.510767286788835,-0.0737353842736529,-0.526382029178188,-0.294459424116376,-0.676488605883218,-0.174012111828746,-0.493719535707469,-0.0520174426266528,-0.496018371324599,0.00179767515631373,-0.394425139569762,0.797548176899214,0.767471461650339,0.660693125410275,0.656499429266127,0.622324626830454,0.48379269424611,0.801854737126862,0.744370991623851,0.172686198603527,0.164624881133384,0.912086425173829,0.826699830677102,0.678926222603311,0.401504924324561,0.311960071250006,0.460366387555696,0.27858793253096,0.105031343611811,0.574633292860594,0.205337948174386,0.131235824743299,-0.0452335824376784,-0.140330992492216,0.260564898846286,0.573194388989555,0.479104736023075,0.332248958338297,0.176464552110323,0.404396382186361,0.333102849079731,0.723040779800675,0.638661737002929,0.229786390037345,0.115557843231421,-0.597692104313125,-0.630289323243691,-0.00638355549821558,-0.0356972929710682,0.667425707370282,0.636325586857424,0.045970695674578,-0.201130238877769,-0.381184556350519,-0.330777515115181,-0.122543490186191,-0.156202372935431,0.0128470150346864,0.0572074697104279,-0.676404769546527,-0.550730732005688,-0.324022008096467,-0.143500593901884,-0.483734332161248,-0.283453012983722,-0.622352521430382,-0.602467140326184,-0.024477176458834,-0.224267885293807,-0.483341845135848,-0.656288364062865,-0.292076335868687,-0.627191802909645,-0.241480862464,0.306841388614816,-0.551975016570969,-0.185661425605966,0.0664078251423361,-0.29497831645094,-0.110605362864702,-0.29107630233438,0.492405885769849,0.193645206847981,-0.0897476589444638,-0.142475092302397,-0.387549716733851,-0.0188415866128368,1,0.585850250660032,0.746135654365021,0.717858346238136,0.600534013881722,0.571570135835478,-0.530302908854899,-0.168750221416065,0.105476247429218,0.118291641667603,0.705274652380234,0.624368828299407,-0.154566220942651,-0.276169038886592,-0.308310548589673,0.127472324063475,-0.241595044702169,-0.329131852570642,-0.368858950963098,-0.449982201426258,0.0724509245733753,0.528759161369812,0.110005554359239,-0.00639064878677048,0.581046468344834,0.333302528690887,-0.170023977857731,-0.1546997168567,0.209971602338903,0.276881162943313,-0.019578703228294,0.145762141047263,0.00770510077583469,-0.0375384999424594,-0.412273820792907,-0.607444059938206,-0.329788056544474,-0.0811343717784906,-0.360231786375397,-0.476950590725826,-0.551886842777563,-0.305392441885544,0.182773301931401,0.0700721570092063,-0.687589817710832,0.0280340238951507,0.781538256847945,0.030400247448731,0.556080141159762,-0.238045010284747,0.438339738728294,0.183095804648228,-0.0254977272951508
0.282982722306305,0.41433704512347,0.263108513285349,0.393422221537922,0.105214686321834,0.288700927265781,0.183301557987342,0.253071229473265,0.180899796001237,0.185408247791508,0.402477856341851,0.468484791570873,0.309807541301797,0.507371714476829,0.345180203220727,0.526549015278234,0.423743701710252,0.482766995784483,0.267950759231457,0.241363077963924,0.236167291899357,0.247744822478006,-0.0257545846105233,-0.0232577535064267,0.228768142556055,0.314634071847943,-0.0918666874969966,-0.291276225137322,0.0163274567330439,0.283160902119363,0.0955356581209656,-0.0404820316381878,-0.408184060321974,-0.501660693824813,-0.0505511764465315,0.426928714736785,0.391001645106677,0.492344704610332,0.0513046211025736,0.212581485884585,0.281533443109953,0.275266152564685,0.0903202222009517,0.168099501618507,0.40768511755883,0.239971558050509,0.380810345006452,0.273959733788566,-0.283395253496636,-0.420078291803657,-0.138053265655597,-0.374543435676988,-0.103356757089365,-0.464723939598691,-0.205236797199966,-0.477331078710065,-0.260471026315513,-0.417324617315851,-0.200496625287339,-0.35814445659026,0.484444512734488,0.526384720447499,0.291516426838122,0.370661117664661,0.307052614987628,0.21447483188281,0.401706451182518,0.453058558760199,-0.221739233225257,-0.247182758427662,0.531045089213291,0.672170507783533,0.644857939013461,0.587335620298038,0.420616920465427,0.337818759268644,0.384937291068833,0.397837566166435,0.702024781600348,0.738560693485624,0.457248733275952,0.303828796299343,0.0622737707147687,0.301547083929831,0.321698967362509,0.307266626899914,0.368540301296169,0.310789658653219,0.356094080005196,0.397443919199969,0.476272310297203,0.359984337370179,0.174623554146303,0.0220386794508229,-0.267444747517567,-0.328674558058713,0.0796044250268228,-0.0324109272694863,0.489783894751711,0.378064895322776,0.0694250551863785,0.0498797031138416,-0.0707554960435609,-0.100152360218043,0.123314536086307,0.131272965121469,0.0696652623472185,0.102306660764413,-0.289931503379767,-0.207173499313383,-0.0634879500786206,0.0229002493547088,-0.135590775146589,-0.0508117117958057,-0.208036300580629,-0.266267448350076,0.0505623337042905,-0.0917426690553703,-0.125177591985576,-0.261312870554721,-0.163967062162775,-0.207562147413882,0.00253150145231804,0.286509443680834,-0.199113067998356,-0.105816609028485,0.114220846629172,-0.0489120457806786,0.0276514177633817,-0.0793880034465508,0.637415389036924,0.614389937517743,0.337890259821212,0.362086560212945,-0.0557733274062044,0.295151162902745,0.585850250660032,1,0.41933373950977,0.494070781948542,0.309899326944343,0.216734673615879,-0.132136355076454,0.0890758200756328,0.0309075880049599,0.0303079549050636,0.636531321284546,0.78829950622117,-0.0762292802329104,-0.077399679581643,-0.300998665141558,-0.00655348214965909,0.205786684489507,0.117118875407827,-0.208535242122591,-0.239206298810188,0.424763217754253,0.517211290741511,0.384041237845014,0.253945767715896,0.374131251380865,0.343955954694622,-0.0577272558754423,-0.0968315217180263,0.177959047674235,0.294724054546154,0.004446650890478,0.104135725302279,0.0407845976207859,-0.00881842724877711,-0.0856216451402692,-0.391644431418219,-0.0543407794784294,-0.0912578632484017,0.144847550762236,-0.075415338368926,-0.323836838636716,-0.0581558793056661,-0.0445252983196925,0.209280372967477,-0.285977206597055,0.113317380147475,0.557367215068105,-0.00350751901979317,0.252418162177049,0.0279986316239477,0.153793844270573,-0.236308802070792,-0.240227950844314
0.765572126979688,0.732281141673284,0.779397089471684,0.778391831768396,0.475571687122717,0.67688426960085,0.726264204209084,0.645050202436225,0.675318238835118,0.554924844729861,0.757227328148105,0.738711990989231,0.746701530010047,0.808614182243466,0.705063029761702,0.785398117593797,0.807353066392934,0.767378155709722,0.672173545101372,0.593287640272901,0.734017563787075,0.669013592015226,0.36917676336577,0.442673435014866,0.572028247197226,0.654229805994573,-0.318064457709694,-0.21008719319304,0.0950681303126421,0.428370593624123,-0.159460344870393,0.140903210216126,-0.111223485626385,-0.521260787807917,-0.219012022521398,0.617316293893903,0.645271747717529,0.648902251016947,0.167787591505377,0.470342570133429,0.482345001750807,0.504530614555908,0.139706555954973,0.225866766673376,0.67524479499144,0.568129787363141,0.556443945163228,0.522037946620845,-0.237112148701615,-0.534236769304917,-0.190447705530672,-0.598750112137641,-0.252767337051095,-0.72534028537303,-0.26573503103992,-0.539604760878826,-0.168094567108023,-0.556389760296885,-0.0429359159977346,-0.419635780698275,0.825485750292767,0.763196241932197,0.731445968566341,0.639360350820919,0.619186032889712,0.445852327527265,0.845543636997233,0.800918267517171,0.176730879813835,0.158322727743335,0.763125195641431,0.680153956302477,0.56573040381783,0.406776788899029,0.344730671075643,0.41156742553906,0.345416134703113,0.155282920179503,0.487232259157573,0.0731750501841494,0.244219389671632,-0.101357964169139,-0.131086768861119,0.271675053015468,0.566498545300381,0.452323438293367,0.401207819421172,0.222480844919225,0.426869365318823,0.4145846582352,0.677968254492462,0.625291408453232,0.188667867134519,0.249685788163039,-0.530275734128451,-0.543459469312034,0.06981768767758,0.134188118047367,0.689811123023637,0.687303279764292,0.141148878349619,-0.0505700415702606,-0.346437460205382,-0.227894297665875,-0.081876627790937,-0.16653015170159,0.0776309985791867,0.147222597286352,-0.626891117213448,-0.506917642344597,-0.253383753133407,-0.0987882514046262,-0.381970483375745,-0.22576534338476,-0.56031451642628,-0.523406645707908,0.158866718293662,-0.17104915074796,-0.421697857363627,-0.591907013727313,-0.258904310381701,-0.627533488027813,-0.049927478721627,0.411992048513749,-0.410389783396941,0.0932483467868316,0.077266317056551,-0.2207678382843,0.109821349379907,-0.135219745439568,0.464257220729168,0.159318745454631,-0.0476537269894526,-0.0860148329129999,-0.305898693871067,-0.0687278248656081,0.746135654365021,0.41933373950977,1,0.771597034933289,0.526385964568674,0.511916579461989,-0.488498249795258,-0.170744958679273,0.0334279391104199,0.0571943500497243,0.573430439984351,0.464112078512631,-0.0320660994021565,-0.353152771632297,-0.20790192136655,0.0289412730364457,-0.238005866030122,-0.368539768148166,-0.261079681843123,-0.547046739991079,0.016755876007385,0.529485326825678,0.0645725628496565,-0.0590439687011126,0.556774114384326,0.313856123650395,-0.0131656633274716,-0.0602802995869898,0.212688561502309,0.327003708207184,0.02234456330039,0.206170978075009,0.0440499913806456,0.10626644888478,-0.339503317594335,-0.482665648499229,-0.120243914382311,0.00857374589766896,-0.299152021462896,-0.434268517139805,-0.495506118486471,-0.19688204882043,0.176689790206777,-0.0176820752571019,-0.608154415007229,-0.0939066012564144,0.676476270531946,0.147080682430511,0.503880052592023,-0.039062709421203,0.362136327872212,0.158223747409179,-0.122361211631509
0.728205229938993,0.825062714261783,0.680128101419085,0.773156865320318,0.365928016857655,0.637487092344107,0.645731162627625,0.697068185495941,0.562171996918946,0.581547546379611,0.682437310872481,0.728006710889915,0.616706415070467,0.772978404754633,0.623346393048314,0.747361065052567,0.6908618104943,0.743015734669617,0.57353881823233,0.578246175875355,0.587791765997832,0.574026039659615,0.203812704730271,0.350419687467521,0.476194404225172,0.652934081662495,-0.325988309716243,-0.242223736432907,-0.0732682131195589,0.515357032526912,-0.0183931167049555,0.196844078918715,-0.217274735183151,-0.470898202152793,-0.199721836314999,0.729002819220033,0.605625014774533,0.690564901388197,0.158575857056427,0.463339138512236,0.480529732793961,0.441254716396553,0.193530729420824,0.218658543417862,0.60140314739091,0.552176797256665,0.527722926923262,0.462052716314613,-0.317530299118696,-0.51982839088288,-0.277953655003452,-0.515462864826682,-0.292267431581773,-0.698145858941501,-0.378335473158295,-0.524671959575036,-0.218004639518223,-0.535255404452257,-0.0857698192857616,-0.364201238925591,0.84519216163805,0.876798677631957,0.642744299755817,0.708628760430618,0.650221236893876,0.47337608823493,0.820839356937948,0.897106108464295,0.109703616738274,0.208348354994899,0.734679199448316,0.786609347601269,0.544354773493671,0.389386586606086,0.328652291880231,0.400491853564362,0.386240770556006,0.101022423127714,0.473985390186803,0.129508281533893,0.259432629794721,0.0019843417092419,-0.122865451139629,0.321473686947023,0.51924649447232,0.386723421391783,0.417333964329066,0.206756545074603,0.428413231462745,0.348750522399228,0.627604157105703,0.532816889427338,0.195937193681379,0.215989796093988,-0.448714938905035,-0.436434243953136,0.0652268134609389,0.236571383592164,0.671935771069651,0.636349356335082,0.198781604697736,-0.00296517731282139,-0.206419789982785,-0.0309779913124847,-0.000810297452081048,-0.0157685326468192,0.102992758190951,0.227298042173647,-0.452592429942237,-0.316263312926119,-0.196087610612005,0.0765982559876377,-0.191526388001046,-0.012785581334942,-0.396497146711645,-0.381410371254341,0.00851616014950477,-0.153889293946559,-0.468737081125596,-0.569938145880514,-0.292868616749301,-0.610384396829457,-0.228067534988093,0.458105862210436,-0.507110936731445,0.00628980908531737,-0.0578209131727629,-0.138074769219583,-0.00411035926670824,-0.261011906354154,0.469939097887809,0.162189832343295,-0.0675657837370626,-0.0622178052968068,-0.288900290684054,-0.0888326065830477,0.717858346238136,0.494070781948542,0.771597034933289,1,0.464300962056624,0.567793264160277,-0.507469378874626,-0.140525310975608,-0.0218775399116517,0.00718835708447152,0.521811535989733,0.522458261849712,-0.118462641105297,-0.343399398783665,-0.298279602241048,-0.0450694159875292,-0.206234762966819,-0.350634081484117,-0.374119577144832,-0.565821316646961,0.0367742658841425,0.492397662106368,0.0914788566380015,0.0688047821648607,0.538250686870815,0.399246164861304,-0.0200902615192858,0.0124818937505898,0.324049290664784,0.324621942397284,0.0421619921760863,0.182747619631831,0.104840322071696,0.0532541885761646,-0.365479804013288,-0.526845160144194,-0.145727638592346,-0.0821971645330836,-0.276147530284754,-0.533149884059743,-0.532602054273888,-0.279640241323442,0.187392159646661,-0.0581762876255782,-0.44504140019238,-0.0243101067973814,0.761617284107954,0.179100332213512,0.564974420266377,-0.043817558749011,0.308554931765158,0.0827429552819586,0.00452479445950155
0.619753949238071,0.542819824975468,0.568257691541602,0.511494452436737,0.348375766832534,0.471169327873949,0.534396949758167,0.34360143093945,0.429908266057292,0.242763396798678,0.669235324900598,0.658981735098086,0.674962886023668,0.633539265010559,0.698296347898375,0.642970047411712,0.662753616206601,0.55061880588693,0.348564136035967,0.230124395713792,0.659012258991152,0.676590353273947,0.523286822696839,0.49570372868367,0.671410404255544,0.672142969760532,-0.0369237045471068,0.0169657410025388,-0.0309108058454298,0.255886875904184,-0.213846896493313,0.248666418124372,0.213280948387584,-0.241157387054628,-0.270824941106892,0.407625563259495,0.660402395570376,0.655969764599769,0.143996237788687,0.573868741571119,0.491124276164654,0.557076837107028,0.184023331580596,0.417878016599436,0.865901338314065,0.599413102371639,0.699227917005287,0.705642267495204,0.1747796530155,-0.222210836465823,-0.0530986032609406,-0.401552882144233,-0.190593311260831,-0.34421484609239,0.166843809276977,-0.155871894337575,0.0734534885835642,-0.348576101939705,0.14918017387302,-0.364505197670736,0.518480005691976,0.515596582472985,0.535969252366619,0.647918135658729,0.548613199613415,0.59695391756243,0.531759994849012,0.46887217897164,0.452103032631557,0.340364889108294,0.685455145795911,0.602132454892047,0.581612946222791,0.393184212239162,0.603758419994969,0.617708527130957,0.015953373896401,-0.063132486144714,0.214892754774662,-0.0735102388167941,-0.071404143014098,-0.319986376950806,-0.285308021861888,-0.00745059743039067,0.432118912967305,0.389874369967437,0.0546733310407439,0.0669758410604071,0.217122813411014,0.210711011690193,0.499798853618638,0.475687921208077,0.0705845031674694,0.0464259029256192,-0.510453668200781,-0.527725811053148,-0.130727952920946,-0.121094069552101,0.374579028731312,0.411141004918522,0.0656741945285009,-0.155268524575126,-0.286003526147163,-0.255865680109604,-0.174572927991006,-0.272195579278589,-0.010549474885445,-0.00328060222419165,-0.528870376657929,-0.42497361928641,-0.293368770665763,-0.142976581720072,-0.422306869691067,-0.233519836528225,-0.505394223964841,-0.496646882534896,-0.232616554978849,-0.290401247629799,-0.409860157162675,-0.536223185292272,-0.203174244028284,-0.55919138800035,-0.267149924170923,0.0759742587671796,-0.440213087639881,-0.173874324363214,0.2289731698593,-0.257677411249056,-0.0887458644946016,-0.210332058845317,0.168546851199183,-0.0150174800208557,-0.185066611644172,-0.382631969064579,-0.493361875553966,-0.342820608379263,0.600534013881722,0.309899326944343,0.526385964568674,0.464300962056624,1,0.67485135211182,-0.512697355944366,-0.246648199113687,-0.0588395000926574,-0.0183668670555192,0.444856825026348,0.350420360649389,-0.00583676065081269,-0.17225686442648,-0.118162499444954,0.210379145463091,-0.301657640793252,-0.334822969868084,-0.278004802648251,-0.390636985743409,0.0528693108476334,0.453944904726336,-0.131472469514037,-0.243437719030812,0.320810908296261,0.209296348581572,-0.255539924491989,-0.307364591335359,0.0695813002238928,0.064203709779171,-0.167343825799573,-0.0253567886590251,0.0640257633547456,-0.0624972435211173,-0.43329819888313,-0.373737650570988,-0.160826807923391,0.17789717046215,-0.303881810241315,-0.504119750503894,-0.412493293724197,-0.140284732915569,0.114000710998136,0.193148278393104,-0.509201955063974,-0.0577409685153543,0.579872610909273,-0.115042953390647,0.415220202477739,-0.300439155237428,0.52568287226408,0.391539827192862,0.162551508568621
0.638663400545987,0.6387803308159,0.514259359754604,0.4855968566651,0.373641096230262,0.448455266485522,0.574673364103459,0.546208457218441,0.435960383466657,0.392667161062925,0.644471680446794,0.703438756469464,0.602390144866514,0.629234606601122,0.631237260913176,0.637854115024453,0.505558551962371,0.545842694378088,0.233347924476953,0.317183046963234,0.538981971242638,0.606167704595582,0.448064941816497,0.578233089781391,0.661020620297119,0.702541471475816,-0.243135289421724,-0.00263101665515615,-0.218521527814962,0.484783749441736,-0.285788213954829,0.395413196351247,0.204114906728795,-0.114975955257971,-0.197129102679386,0.639420961993701,0.654625089918452,0.683871478171432,0.294680875527768,0.679649089972975,0.485107598278648,0.513607858228515,0.166161428757266,0.353767542359224,0.683941598801018,0.885884368510145,0.560959822624842,0.711970374515337,0.155553149647284,-0.105661171273327,-0.152809599204675,-0.287504805132101,-0.168915540740159,-0.324546216232028,0.0526916255405667,-0.117584263932604,0.0916222681077919,-0.196836163261727,0.284791855705047,-0.0946552926544155,0.537728496783551,0.529420594847171,0.522233879491883,0.648920747354016,0.589644626230392,0.656128977878492,0.625549270096832,0.587889321895583,0.393894687744588,0.501789693037753,0.616265890893232,0.589206527110908,0.448371846622479,0.319235431681739,0.343876802512852,0.687345897593762,0.0928264456530569,-0.222720176878878,0.147355001953481,-0.151160079606203,0.0046263912272435,-0.234980460522859,-0.32526641822537,0.0130983788082215,0.465281248246165,0.319623948183393,0.0293213837235454,-0.0594125235479974,0.289869773270377,0.138648328347953,0.433064636560995,0.398999828229987,0.0745362001376531,0.123487809796549,-0.331956025344848,-0.32396593342127,0.0709270424292462,0.138502093876352,0.419512858244009,0.442560745573294,0.183974997184073,-0.0274075112641312,-0.0988858446701185,0.0298066564895129,-0.156047816065003,-0.0600008453433066,0.0868736796281024,0.168275414363486,-0.404595463145565,-0.298536560740099,-0.139627926261333,0.10846757878892,-0.230516022063854,-0.00741229635214293,-0.361985766282758,-0.334160377106762,-0.320584943403838,-0.432622341071896,-0.548593053454459,-0.638215306614943,-0.345680837389999,-0.577673695629853,-0.448416470198278,0.103646953363998,-0.457157083502331,-0.142938275284771,-0.0888948772894645,-0.212604002965732,-0.158896022608392,-0.313752646109557,0.185151097491793,-0.138964379128618,-0.205726305153014,-0.451403703841343,-0.367097252442182,-0.356720688421158,0.571570135835478,0.216734673615879,0.511916579461989,0.567793264160277,0.67485135211182,1,-0.55172611648153,-0.195255774283042,-0.0370308990256362,0.00412671363217927,0.248960462393229,0.319140817924554,0.000391051350388584,-0.169692002086729,-0.0267733409725431,0.0867362008132925,-0.409101919936641,-0.510981607995698,-0.387719210889541,-0.437777273602836,0.0389328283825081,0.397419558418339,-0.0707409461443862,-0.0896871880161556,0.456181578839565,0.318026061659675,-0.121647065348188,-0.129309004401256,0.129893042031874,0.0879199276351789,0.00746607430552482,0.1562715794703,0.145989162499301,-0.0326599321270027,-0.399472988391412,-0.438186227745168,-0.227079301263485,0.122086381904524,-0.370702879427575,-0.529154570286816,-0.502287930295834,-0.303117494305384,0.253982491270948,0.00451046609931209,-0.395851696284414,-0.0344959182383794,0.651468180703661,0.0354834489293579,0.591729594735767,-0.0684549177307275,0.56398951778557,0.352952494935142,0.292393838129932
-0.609870049330957,-0.547135674914653,-0.528245531942976,-0.479623159646383,-0.258832942187421,-0.380994210004529,-0.622646861906396,-0.499887639393516,-0.518256833906492,-0.383680994275641,-0.648550178530245,-0.623649860285624,-0.629496647283128,-0.587481982831692,-0.656686427268527,-0.588332524767082,-0.556077924784308,-0.487096004443635,-0.334241914345582,-0.252075831146935,-0.464743095550839,-0.484372800369904,-0.369624462614081,-0.455924508691113,-0.537724183475267,-0.584358688129993,0.140835337417057,-0.036476737694758,0.165419158387737,-0.500284515968654,0.253942174291111,-0.260747855480907,-0.170340618898305,0.20746038543878,0.338021211900976,-0.53350189434317,-0.551816903771296,-0.558142501106373,-0.0994504437708089,-0.525317565726544,-0.289307325068176,-0.42270562874021,-0.0119080644387491,-0.17934692534731,-0.511218242084886,-0.491950552540913,-0.439178249760415,-0.458341344806566,-0.037716863788873,0.258077012030821,-0.0406004345631098,0.286003456310771,0.272913676909734,0.381255324409638,-0.0182380340859219,0.206478127409875,-0.0793468381555636,0.20239491885195,-0.202638763367743,0.14062938618017,-0.48158248422954,-0.480780843897446,-0.420374579915272,-0.444850219221727,-0.475404425213528,-0.387293382618739,-0.552984217126928,-0.51779574919364,-0.286564691616098,-0.299160372095968,-0.585681417842523,-0.508346604067891,-0.242410856122089,-0.0858552014444999,-0.0584785111911874,-0.24532411025741,-0.0245775882989319,0.120032165665186,-0.114110061237409,0.15824677741695,0.0176705694717237,0.196813687650304,0.468037112889467,0.0597511976740072,-0.452059929458484,-0.239395586581062,-0.109558126394584,-0.0432834602041076,-0.288060406163196,-0.190269176437013,-0.518418255240346,-0.45405089438795,-0.150662098878503,-0.0534565102239219,0.451907910950093,0.412919272574598,0.0710614129430864,-0.0378707628382211,-0.471110888770468,-0.488107211798502,0.00568631627240813,0.141909306569291,0.224864683136335,0.0763956872788897,0.107616653581168,0.136274836598043,0.0134074494782006,-0.124750727924785,0.434844773272743,0.406137729599795,0.194343160777987,0.000636735147765427,0.319540098501671,0.144058619631315,0.436491685728391,0.393951493496428,0.126275601276744,0.286319150726523,0.426290566507242,0.590141790382814,0.23213602193647,0.475007439209042,0.355939310015178,-0.0974999197962487,0.479857798256176,0.0946022707406407,0.0739033157154348,0.222916929338031,0.158405957510564,0.257778335059444,-0.155304344867015,0.116220786842079,0.359331534236077,0.3989202305715,0.58090891293014,0.330046496523112,-0.530302908854899,-0.132136355076454,-0.488498249795258,-0.507469378874626,-0.512697355944366,-0.55172611648153,1,0.275443887655123,0.125444179547653,0.0820930485295114,-0.222396857947243,-0.21783290673482,0.00303080386173442,0.140896222372772,0.175254802278415,-0.0752242039601813,0.442150493877886,0.483398368637329,0.224590538382131,0.321816075710928,0.195706419177522,-0.220286206322544,0.177440513838111,0.0893961754360068,-0.380177660348044,-0.136693422762799,0.0511047550649631,0.113486078242223,-0.197303307413896,-0.184371778500421,0.0422237702380772,-0.140629503171021,-0.10944022630695,0.0614266390024695,0.473614568125137,0.497384987841754,0.243411897289952,-0.0897368694416131,0.507891146785486,0.555522461216001,0.480310948851059,0.263662156497643,-0.303919082709097,0.197119908427523,0.472689587687147,0.0953774693135894,-0.556808595014924,-0.01439558112383,-0.4434202814032,0.120942778011122,-0.431291960018604,-0.310115429070978,-0.178652644127446
-0.272750360113939,-0.205320210686737,-0.288595825494471,-0.23089550005461,-0.384346844285776,-0.302768515023568,-0.348194046177078,-0.369704223320303,-0.38807939541083,-0.380989541936438,-0.283444790980395,-0.223416737286452,-0.307906850275231,-0.183545396950322,-0.302756548414024,-0.189763780041189,-0.286223233300605,-0.235692082128304,-0.164462609537309,-0.124069412365576,-0.223134834907842,-0.250915863388318,-0.321543587673148,-0.275657626686277,-0.359020417684777,-0.229115014274443,-0.0894250889408249,-0.0946245655176812,0.0888297271966852,-0.205748897317026,0.0731516152043373,-0.343731170413797,-0.368651182815926,-0.0684908174868387,0.242033064972678,-0.18214960938506,-0.315195917111152,-0.147039788049642,-0.101082694029237,-0.343751153976807,-0.366873636416691,-0.247212008438764,-0.22736861679421,-0.190899456442698,-0.262121035299673,-0.164162290522915,-0.267063867883311,-0.240658336326815,-0.249170431485418,0.120731508087118,-0.105236355784043,0.124615849783563,0.136412003487722,0.167371552755367,-0.209215332374018,0.0485341549972342,-0.134389138425377,0.0241841001476511,-0.135263246296761,0.109066884343241,-0.131771198187956,-0.136300288174925,-0.145595195963518,-0.274668642715773,-0.170105478605665,-0.144439771168074,-0.204238124030571,-0.177616769994431,-0.381841515020691,-0.393855403920382,-0.217046185586843,-0.0667027772028199,-0.0998822079278924,0.113698971006194,-0.0553973174140049,0.14883432797088,0.204803245338261,0.24138041416119,0.0203123559791999,0.142975065173306,0.0979720389163636,0.129997737484784,0.203044057107585,0.251420592171025,-0.173426466583846,-0.0516723171198073,0.00638789154263624,0.0677382522314388,-0.0420792076952883,0.0804238376927477,-0.207776515648769,-0.263577892933077,-0.159554761861896,-0.074006651181405,0.226917188618402,0.135035595505978,-0.0153753326971878,0.0385024711933187,-0.22071216462609,-0.243743307081225,-0.0792184021705557,-0.0706239119820133,0.165044593059516,0.0982775588654454,0.0982791085842875,-0.00555696590352272,-0.0846685592028638,-0.154478842570201,0.183522130228364,0.108609292154052,0.0950365898115802,-0.0196680631464257,0.122851531821035,0.0453389062195221,0.140095932722374,0.135273191666615,0.104012578030601,0.109802225218083,0.228376417944063,0.279809713290442,0.132896116043045,0.337103767677381,0.301566206945406,0.166266829911537,0.397382998094528,0.358217750082903,0.0653547289510035,0.195467817123078,0.144994025009772,0.323975817440044,0.0413745695032742,0.151457510999326,0.0986017479884765,0.415061964412106,0.30700298321328,0.432170884909399,-0.168750221416065,0.0890758200756328,-0.170744958679273,-0.140525310975608,-0.246648199113687,-0.195255774283042,0.275443887655123,1,0.0862366040321323,0.0156993087198887,-0.145893899786119,-0.0337602372017408,0.130973659117312,0.185628734518697,-0.0254833418154282,0.0548820697316759,0.299368608874147,0.251398174108826,0.0719747489123033,0.130272748465921,-0.0528803014265234,-0.00495283304531923,0.0759657289907996,0.0391808386950029,-0.0809169154588016,-0.0159178226031908,0.0590435998690078,0.0376678044171395,-0.162399370975958,0.0323883540131822,-0.00478231479511462,-0.0474097447485013,-0.113729901817044,0.0628958205738492,0.432855670079258,0.239906472139471,0.238229003284606,0.00405636691645647,0.276605658890693,0.479117536738908,0.408031839744801,0.288552780321808,-0.0868734244483158,0.339276924213156,0.210303778451397,0.255891313209251,-0.124658916505508,0.0722224026544998,-0.238434935115746,0.13869367865588,-0.337632866580688,-0.383287755573447,-0.299415060093228
0.170878961185793,0.0566269002165124,0.182321586361698,0.122157978745269,0.0479960132929913,0.0545161573916209,0.200441395528039,0.0828919677876518,0.107652680539485,0.0873123065718096,0.0753455733500773,-0.0140135300063981,0.130058549937828,0.0320838632923739,0.128181537697626,-0.00337750801660652,0.115609022444189,0.120933571620814,0.0244378022323056,0.0513228525867438,0.130639443061714,0.101161115062352,-0.00757317071211387,-0.0935808297824564,-0.0255253616387178,-0.00474617725338413,-0.187784895962658,-0.164559108338491,0.0564500737851735,-0.113028771551086,-0.128099311986635,0.120188500514991,-0.000844446505009236,-0.170638522196653,0.00020679636620022,-0.117304977688397,0.0799539369715186,-0.0509672495182914,-0.0367210367665573,0.0271323979515696,-0.0395864338977837,-0.0537456390832181,-0.169323168010734,0.048753986431834,0.000765330204555737,-0.113148306584508,-0.0755045781353286,-0.0549747664011536,-0.263238642171441,-0.329036461015113,-0.0657144777741496,-0.241214541612016,0.0190182958068129,-0.291048263976716,-0.174299356935814,-0.288376596139547,-0.0501045959616949,-0.191986638263333,-0.143765894514885,-0.240250882518226,0.0861147060949378,0.0518924266941683,0.204954200367367,0.143410869957694,0.0751485555946793,0.168202062623047,0.00144505817430721,-0.0333670628677656,0.114832243669421,0.0207038707900438,0.0747555789078597,-0.0427309798090626,-0.026395697484976,-0.0644879382813349,0.0158268016137248,0.013822518679889,0.203621171212646,0.334116439247314,0.0784977572372866,0.10903897867469,-0.0702497623543867,0.0705449185137536,0.462325705226217,0.365322006450823,0.263648032968142,0.319938506023762,0.10742373026637,0.133311104883098,0.00133702197220205,0.142662886723895,0.168603778322405,0.280793922556839,0.164975497967642,-0.000203324772548587,-0.244299882295971,-0.238899330769095,0.0235388282415617,-0.146049043784905,0.120317033015488,0.122303235010581,-0.0811690215011598,-0.181424781467959,-0.0848155688300415,-0.211884607380326,-0.104075546180694,-0.171828317740838,-0.160220024280322,-0.210022263385096,-0.277926292406993,-0.322346271274036,-0.2277234271652,-0.238540535951557,-0.327326906897143,-0.388405801404,-0.313535046257511,-0.330426901346236,0.211757338455347,0.400114855626531,-0.00377974091499801,0.176359070069492,-0.063955608788055,0.0609498139880169,0.256929297138025,0.277724686186299,-0.01647826898348,0.0226108588154821,0.269253407356114,-0.00289968042070898,-0.0155722283803028,0.104882916769928,0.208144049647668,0.235902178948058,0.0335483725142593,0.16369392392565,-0.0308639635460279,0.196027722974543,0.105476247429218,0.0309075880049599,0.0334279391104199,-0.0218775399116517,-0.0588395000926574,-0.0370308990256362,0.125444179547653,0.0862366040321323,1,0.824122692122817,0.0816893284411324,-0.00355532316109659,-0.238019928987356,-0.147389917743531,-0.0191329432487407,-0.0276952162525322,0.118809052608031,0.306960613296883,-0.13060363959474,0.23015477588705,0.0135855240228501,0.00210328662165116,0.0244018394466688,-0.0569620483877447,0.323510848425367,0.26795183940758,0.0359356748376273,-0.118347862193524,-0.128092650769424,0.026292830498417,0.101926010428771,0.0686295824340131,-0.0246524277419235,0.0262690208335396,0.268028940371864,0.105919223578269,-0.167242012998003,-0.248593452864258,-0.108129723374161,0.290735968623901,0.0452839977596735,0.0554937897109452,-0.187678260397077,0.140542152765619,-0.226165300011209,0.103870918910578,-0.0797554491089781,-0.0672184223934902,-0.0642262504933195,-0.159286317321776,-0.0295203258120538,-0.00911285672418806,-0.075802743882439
0.216163417338893,0.144262542689474,0.181726430236366,0.159969820808819,0.0294258481912629,0.0431072547457536,0.211589001266307,0.166834242821435,0.153019636203466,0.173742342344906,0.167859355524054,0.0532543994661797,0.188353905467673,0.0777438153727555,0.185416126406311,0.0580850243580506,0.110744238668007,0.10926593741163,-0.0771155673698096,-0.0344864725812944,0.0486579236293011,0.0168003983774034,0.0446186934597063,-0.00142955206787863,0.0817423346109226,0.106759442485459,-0.221508550486981,-0.0869018350849254,-0.00841988515402466,0.0288895072886602,-0.188301101496383,0.207394100622118,0.0370735009320387,-0.0994613431235189,-0.00510685992805631,-0.0746247355264451,0.136422574072383,0.00168878364122821,0.113443677565954,0.08834477117134,0.0219220578208977,-0.0425328389287525,-0.0905614831063807,0.0519152107174994,0.0577914796182389,-0.0625839805570531,-0.0985812102093362,-0.108914587767211,-0.261736893383659,-0.290216947308005,-0.184962207913257,-0.260989097846571,-0.0881491185168731,-0.307304650016318,-0.170229814791286,-0.25326675768895,-0.115593341529705,-0.180822055736869,-0.150235349204451,-0.243936374211559,0.0732754783296805,0.0545882746096172,0.156307652760955,0.140883740047496,0.0345808456051029,0.129153669912572,0.080728909850591,0.0558430627017759,0.131713494728586,0.0541246473181555,0.12882899829199,0.019471182997244,0.0388836423557202,-0.0174858124046778,-0.0303085648281549,0.0633379881880446,0.188257055980531,0.263838159230086,0.0615832112823506,0.0684109607161946,-0.0787089748497201,-0.047195195381796,0.466743201522657,0.375388217680948,0.197409095677244,0.250947011842335,0.0347152325975835,0.0834089082383955,0.070004690298189,0.142252006320315,0.190027304995513,0.279751969188858,0.032349558747946,-0.0371126914380572,-0.176589669929889,-0.168582574075161,-0.0269801120623485,-0.233668666445891,0.111061114112949,0.119400718197022,-0.183131250916772,-0.191283178223745,-0.162221389597515,-0.251511693706634,-0.0927126371907469,-0.153960561383419,-0.22714589488897,-0.235944811102709,-0.226644480865235,-0.297943079367371,-0.26007709336387,-0.328804351624995,-0.336704214381463,-0.402000548637833,-0.289511092270212,-0.304517009504601,0.172927198945779,0.388803285361317,0.0110446475163811,0.179225932600065,-0.0246572116857813,0.0506429093906705,0.204841237913675,0.350553371526911,-0.0273722719927127,0.0890422583199461,0.227620602406914,0.0714013337001232,0.0237403481590652,0.0737870212362733,0.181943820433963,0.264456137585614,0.0381667859893389,0.103197830973187,-0.0359861802842511,0.176038361466591,0.118291641667603,0.0303079549050636,0.0571943500497243,0.00718835708447152,-0.0183668670555192,0.00412671363217927,0.0820930485295114,0.0156993087198887,0.824122692122817,1,0.0806045141092574,0.0210163976263824,-0.13239897399277,-0.105328634681755,-0.0516367906899814,-0.0123156125681632,0.0918007352002407,0.339028276239124,-0.087147608803544,0.167595990956616,0.0492581612152042,0.0963062510123949,-0.0158335215871223,-0.0487322738334817,0.165896619252404,0.227386459791834,-0.0420895414464254,-0.212039603314516,-0.00357357914410408,0.0957448595221643,-0.00898246959817135,-0.019116419436131,-0.0975176577625196,-0.173063237468541,0.21298123547613,0.0872875584767922,-0.12757349477183,-0.19607714654944,-0.145488596437472,0.291144165214758,0.126931525424146,0.110752726600798,-0.124501719054731,0.214136694293157,-0.172460410712106,0.078968001197906,-0.0538640349048904,-0.0337989357853292,-0.0377058690723983,-0.137890913388701,-0.00907217014546697,0.0996678354115369,-0.0211720973566957
0.518444398395439,0.559905174879225,0.56899866532535,0.63618601395561,0.399518597384145,0.536351850353659,0.473916815848327,0.497706651880167,0.488373031072279,0.470411157159495,0.536422556085175,0.543528900917534,0.487900481623776,0.599120409374016,0.490245032692486,0.591701436217689,0.676480284547532,0.660253649444137,0.520947622330676,0.46306376179521,0.513551238017189,0.454459931396412,0.240883333188494,0.145571459613059,0.393684853209047,0.417208777800869,-0.0777053589441913,-0.161740621149379,0.143216632979557,0.282308634098123,-0.0491415917451584,0.191207917883634,-0.112841864915968,-0.40794389833581,-0.265020436985405,0.36332178481483,0.421896898189288,0.442369233507142,0.033730752465638,0.293713352059021,0.355086504603892,0.247319037728463,0.0949552889648624,0.160015987202776,0.560499415042822,0.286258442200328,0.43226244362621,0.358524502459772,-0.170182224867354,-0.512595293065909,-0.0680114861434155,-0.469910886084072,-0.0246569235752521,-0.547480849565571,-0.146234712357931,-0.4846458334973,-0.118359838076808,-0.497178269331561,-0.139114976612763,-0.470608583206673,0.635576165761677,0.64691127704795,0.506349377961499,0.456091822564545,0.46675544220371,0.275607300732419,0.528841915470889,0.515150520799666,0.154821469039556,0.0162779390692418,0.632689718256623,0.576851927553468,0.671854763993153,0.401653092701493,0.354904917179945,0.23548238075542,0.353953560976377,0.378021447779406,0.771150109375122,0.550649608690551,0.29733145048442,0.136793283075762,0.140904498673837,0.369367522092364,0.452309148616619,0.481655537321825,0.503572687999206,0.364619523164346,0.391398590133179,0.423871223061913,0.545373096937833,0.486442049630387,0.231715678204078,0.0899832194641349,-0.397059930818697,-0.437618751013878,0.0191151801857635,-0.0471951011468043,0.530573181694878,0.500646109914552,0.0593248097976977,-0.0397511945907498,-0.217980200033932,-0.249155693086972,-0.00255333401764656,-0.0701291157005367,0.0848422901268463,0.0762339616764851,-0.55236525140221,-0.488746544417921,-0.197114656952914,-0.104591089127588,-0.371884706267657,-0.222139983270331,-0.486955306044309,-0.52869862226366,-0.00723664290041508,-0.0123681258194753,-0.286910756708045,-0.422115687111631,-0.179751398089056,-0.431792822440873,-0.0564291057297168,0.222493735721931,-0.421236320635722,-0.201853819092909,0.138210124675693,-0.22741616823515,-0.102443203634452,-0.193871950984131,0.634991441891424,0.52389105766174,0.238787978477485,0.152555152342265,-0.147964084979988,0.109852134500882,0.705274652380234,0.636531321284546,0.573430439984351,0.521811535989733,0.444856825026348,0.248960462393229,-0.222396857947243,-0.145893899786119,0.0816893284411324,0.0806045141092574,1,0.682677253979921,-0.208027146574572,-0.304875269653117,-0.378306149477716,-0.00244632825791573,0.0625059021617848,0.0390351061218864,-0.307137435427427,-0.390572930409545,0.287100527921744,0.528535259514902,0.343818836592313,0.138816955179439,0.417883914086222,0.288336274457482,-0.139398053264145,-0.0578334931408688,0.203032039604105,0.359647025652169,0.0319730296746712,0.095498565496235,0.0369326776235382,-0.020540877333955,-0.295728507906996,-0.471645500359115,-0.220735561932907,-0.172469501348606,-0.170620091120023,-0.287314154638213,-0.425061867477804,-0.193432132472308,-0.0777287333564804,-0.00129404129258577,-0.524353433044916,-0.0173271840982184,0.454630401511691,-0.0119576012006751,0.302608700044349,-0.201566853778578,0.205500599686813,0.0423392667993315,-0.133953958161117
0.375645423203143,0.470926097726867,0.352134649821147,0.472411868829838,0.158118141623493,0.355957166936582,0.265418769381946,0.354756908628526,0.271465693963817,0.280576987918506,0.508455038047072,0.540871909501386,0.408040823311466,0.572695129649648,0.402601045002846,0.602274419686854,0.463336020048437,0.548032835866196,0.256971133290859,0.273450284280611,0.302001901324497,0.294142273162754,0.082739630603187,0.129913062877541,0.34317799129715,0.398734322157033,-0.172750510236963,-0.161228058948182,-0.0901569355037924,0.367257904017317,-0.0965667330630931,0.104092502879113,-0.196443979641847,-0.333617946012913,-0.26322726268992,0.477400867168015,0.425208968846484,0.545276487879231,0.0696371891289368,0.334342487588772,0.326015147498259,0.301592565525402,0.041387724476178,0.0735457914453578,0.452146772328194,0.364632581306612,0.376611941867002,0.280378042539634,-0.0411497280638116,-0.3296992565562,-0.0474324161623268,-0.286481478132363,-0.0408238930568042,-0.387298539956314,-0.0235605491098903,-0.382594806633787,-0.0274645538217573,-0.271424824076334,0.0556981753328277,-0.185132239190158,0.580836928587024,0.588971494684545,0.370892375300446,0.412369907803347,0.41133040280802,0.288670071283847,0.483742754410014,0.508959284667406,-0.0498838141559527,-0.0246115107715957,0.587351229171776,0.6989789882804,0.652252385975508,0.54549253434872,0.318847436754874,0.369122249955862,0.421233006092968,0.323399924689639,0.683564430849738,0.654618953120937,0.396891686570884,0.18184124962166,0.0151252869543044,0.256786039875499,0.340704340157758,0.339590930355484,0.420710414961972,0.363134099760454,0.440532002310965,0.451604681166451,0.507628292278268,0.374803294007684,0.11442943858822,0.0946148247210738,-0.265300692957246,-0.295202808242827,0.0269065867865818,0.00991139295971279,0.516955477171106,0.44978649308838,0.0621611552315877,-0.0358385274128443,-0.163505908124534,-0.0732785080969146,-0.0578945152739366,0.0220167733374243,-0.0204724296877151,0.0715448822075617,-0.399086460247767,-0.282840637982206,-0.166303835085171,-0.00575832256883542,-0.226005623124809,-0.0758914369700619,-0.294946011858171,-0.345075566931348,-0.120646568580747,-0.223952460473492,-0.226640302545172,-0.436411026263369,-0.285158847600209,-0.345524911119217,-0.135575604522848,0.21328606979196,-0.285407024110062,-0.176576589205419,0.00413759613319166,-0.132961329003506,-0.117608752828684,-0.169119854540859,0.659527168476773,0.531595452606801,0.215782454611024,0.168157778433699,-0.177287682005229,0.12541038765418,0.624368828299407,0.78829950622117,0.464112078512631,0.522458261849712,0.350420360649389,0.319140817924554,-0.21783290673482,-0.0337602372017408,-0.00355532316109659,0.0210163976263824,0.682677253979921,1,-0.0490971589657076,-0.0979800113178645,-0.115326155448689,0.0570491960814254,0.0939517828431383,-0.0645170848595739,-0.332319451983313,-0.358380465387616,0.292265765100361,0.627703017609569,0.378311179434039,0.205968294222203,0.394594788190231,0.367799794756577,-0.159211892177298,-0.0572207372965628,0.193397777828754,0.341351738548309,0.021233810571507,0.113749982722071,0.0497827760868595,-0.0137269071894975,-0.150973126691255,-0.426500625468274,-0.174112646183663,-0.0515496215608566,-0.0283495476346734,-0.143027869817314,-0.394574713998885,-0.162965254988647,0.0382016216900933,0.133951030229779,-0.360016512434651,-0.0403159832437472,0.570792368365093,-0.155605283346884,0.298828561568859,-0.0665251021185892,0.235070784364298,-0.036903716578516,-0.140479188355183
-0.139594875230955,-0.17012522058801,-0.185233272068697,-0.183484779106077,-0.180213594183474,-0.189300208569368,-0.319522025904632,-0.251606603238461,-0.176070104419951,-0.238913153038199,-0.0754204283452646,-0.0657753926621615,-0.118536525039722,-0.0602337155501392,-0.161001292555796,-0.037379606396716,-0.0960891641149317,-0.0865148778026684,-0.0647959366868022,-0.0329705675863119,-0.140819158557331,-0.13125972131448,-0.130522240624395,0.0289602679828376,-0.0692861961311287,-0.093457827569757,-0.210096801317553,0.0832381769769267,-0.0613480974507375,0.0201863219459749,-0.326182976415844,-0.238916654580308,0.0553621191363524,0.265544439391426,0.00769751631049769,-0.00720744711351621,-0.134833514751536,-0.0117283489434853,0.000588972300122943,-0.179005458328197,-0.100385862673853,-0.0863935265085325,-0.0803821995835311,-0.335690748555363,-0.105079876760517,0.0045719753975491,-0.189237206480129,-0.154447473410997,-0.0126106890172467,0.155913930131615,0.013020425119051,0.263950545520544,0.00244050418440984,0.186503377318826,0.0205478033602407,0.0697490510026344,0.175666942925185,0.362135252177673,0.286515385689938,0.315267977665344,-0.0640716133642035,-0.0967659944781211,-0.081230010623851,-0.163902065020434,-0.258987265,-0.202956122365008,0.00615582248098904,-0.0121085291530228,-0.0723178111541434,-0.0237512684108555,-0.0114502437879982,0.0688740362597942,0.000990697060068256,0.0101375915351608,0.0335688828862386,0.00218806626280714,-0.0695015501091607,-0.0880372364901875,-0.186908435695787,-0.20446919045845,0.0242321350499108,-0.199120840027339,-0.170883465369852,-0.259796482905238,-0.291632618147076,-0.428279557001519,-0.160024102396711,-0.0937246738460421,-0.0137146357456893,-0.113250147365156,-0.140218008502866,-0.158979012218307,-0.277870624531277,-0.0028120079332178,0.164074755469097,0.147988134055741,0.00826271786421778,-0.0364681075734914,-0.116707538472804,-0.122594027089419,-0.0645994040305011,-0.0688263134110381,0.130664456253116,0.0802468117253249,-0.116146034020669,-0.177768804541385,-0.0901043537207712,-0.0901183415747395,0.301140386584386,0.186735422499213,0.0438263267084229,-0.0503845502588074,0.216819927012521,0.182782802188112,0.275256515089739,0.296407500443297,-0.0377644618233511,-0.165738266089061,0.222255560654801,0.0700150767643819,0.185563499391584,0.191848509222194,0.0282258505149878,-0.0366270974603218,0.377347258192413,0.414403180491243,0.233379830627746,0.394925623611343,0.50839509184125,0.27606369573802,-0.148784453696496,-0.072899329558415,-0.0645646039647457,-0.222216984121889,0.186182642135089,-0.0363487620234561,-0.154566220942651,-0.0762292802329104,-0.0320660994021565,-0.118462641105297,-0.00583676065081269,0.000391051350388584,0.00303080386173442,0.130973659117312,-0.238019928987356,-0.13239897399277,-0.208027146574572,-0.0490971589657076,1,0.467304116338934,0.137232563112832,-0.0714114264909055,-0.0395096931871331,-0.105514801256116,0.361798515881994,0.138454377443657,-0.171065926983225,-0.115768035905404,-0.0192676356094452,-0.0751793912705879,-0.140540976251463,0.000862610637213311,0.0596212247922124,-0.00327279660190305,-0.146747191589858,-0.260593368513553,-0.052532202927362,-0.0465311704252265,-0.0723209779197264,-0.151382279312749,0.195086057541216,0.396471363479435,0.530631970854949,0.8040998990023,0.235730189074962,0.2585477751013,0.329096356815009,0.401523944525064,0.320386049862478,0.0819901129026068,0.30579178375451,-0.174552287204948,0.038382891830791,-0.0243227930406176,-0.136298002931684,0.387468165641128,-0.147176793095091,-0.0550999529663192,-0.254210658071852
-0.329369208790005,-0.32822575332448,-0.392425431413989,-0.449441910051529,-0.165333388133168,-0.36387927158642,-0.469973828567439,-0.421306555132004,-0.320351176360337,-0.386509753729883,-0.280025086175429,-0.280064343743698,-0.304415715493421,-0.347363161077929,-0.32007712677782,-0.309132321969643,-0.338117986638185,-0.352302142206327,-0.312768005419839,-0.401451249275713,-0.35034635310896,-0.381427072714817,-0.0893444258029683,-0.0705283679860763,-0.126173662055753,-0.202988829848456,0.125306506427682,0.314403864863914,-0.100477657013931,-0.0663166871537871,-0.155445977265172,-0.221210123097161,0.140880965014408,0.365233309663826,0.0886841955867724,-0.196089869912798,-0.22095632984255,-0.154150268362497,-0.0173797261835631,-0.322538859087609,-0.167351605110277,-0.275720421424532,-0.153725651392366,-0.378470650193465,-0.216074049657606,-0.154405071172571,-0.171433688886312,-0.278426674352275,0.107395229759828,0.13140778466727,0.364204895617689,0.559484601375024,-0.213238993987303,0.343570420079245,0.128240816212287,0.101647708131414,0.453120725250002,0.672642956890111,0.495010688225519,0.577814081657293,-0.256698288133484,-0.270083317978529,-0.222099163858902,-0.309216396646449,-0.292659769119668,-0.197295109774441,-0.210812977181058,-0.214831420113422,-0.109574287257015,-0.033312008222952,-0.18431892068573,-0.0909764869525589,-0.119961419407335,-0.0183713020698145,-0.13553924007037,-0.120899157294871,-0.130469724304463,-0.151383701193382,-0.279238321563098,-0.0694085541060998,-0.174263105270794,-0.0585478163668942,-0.251838696866001,-0.317696315138284,-0.216102946971043,-0.206067596030533,-0.200928922031076,-0.0453001529128564,-0.127987582838888,-0.149957428007865,-0.31199279503911,-0.181675446091137,-0.20902594433503,-0.156390258191024,0.117887102600628,0.0829818327116505,-0.0465977424601964,-0.120601368997248,-0.290334077438779,-0.257537253851548,-0.235651826686661,-0.0167062883783704,0.0573130502561276,-0.0110485005802958,-0.2624229589056,-0.159649619386128,-0.155456327498423,-0.0970649931130413,0.326187060593924,0.14997692690029,-0.000309114219921076,-0.0885873023763024,0.101928970247936,0.0107535606408435,0.278056362907932,0.273666054995954,-0.0422914562373023,-0.112109139613242,0.254092171031718,0.222860969680847,0.0974120925320884,0.363295786667762,0.038919074429847,-0.156756625520556,0.263208307021373,0.105253469676999,0.0256370409920334,0.113407155309654,0.128560297006767,0.222648463286544,-0.257113079593671,-0.151950580985997,-0.0770912749057682,-0.123703810165949,0.113918791502167,0.122773781390826,-0.276169038886592,-0.077399679581643,-0.353152771632297,-0.343399398783665,-0.17225686442648,-0.169692002086729,0.140896222372772,0.185628734518697,-0.147389917743531,-0.105328634681755,-0.304875269653117,-0.0979800113178645,0.467304116338934,1,0.28871682031536,0.110566124433146,0.0240572327611344,0.00106991283772323,0.213798915438401,0.333941967812578,-0.128273362072137,-0.161341403476543,0.00957434720107714,0.0224247510313441,-0.317468021429479,-0.233869769366274,0.00564875691346424,0.0205276915467173,-0.263945612850084,-0.218472355152619,-0.0841694215779188,-0.149411443821686,-0.031314236671015,-0.0915865316616367,0.176672886369413,0.295195657804261,0.16909867091266,0.411101512835926,0.244052263230094,0.323081567072397,0.292781182479624,0.382000743994967,0.62970439781716,0.222466591188701,0.256792051701302,-0.0310170928737794,-0.167714800191641,-0.135268745560333,-0.216369045966666,0.141568967285485,-0.150456875940822,-0.209798637201152,-0.174825315126336
-0.229042500888987,-0.319104827131148,-0.232159453650971,-0.337192143648004,-0.141012703908475,-0.252746425803224,-0.225383039355382,-0.286411094743467,-0.187483213099449,-0.251167000327684,-0.191582720185086,-0.172901601727416,-0.102103453378206,-0.23858463418974,-0.173889426770555,-0.215367207200559,-0.267877312653424,-0.271923382983366,-0.272541421240288,-0.254828780955507,-0.173580405373206,-0.158184302914938,0.0618222081592735,0.111731835306002,-0.0407459545118943,-0.115282441710161,-0.0999648065772402,0.268216995998811,-0.172177247439207,-0.0526805399235741,-0.297406270582279,-0.0243816749809544,0.298641470275649,0.304709800485127,0.038297045613593,-0.103332333801446,-0.0775978344364377,-0.0797431182235299,0.0557993388062231,0.0052455998990436,0.0367792366196443,-0.0211511636623569,-0.0117935181890271,-0.101272341896441,-0.0908080283495594,0.0156901951360345,-0.0636603416630322,-0.134140572053692,0.523267618531274,0.355450423098198,0.371200134128333,0.295396050803721,0.177222741378276,0.355207129121115,0.47757326529805,0.359382096235831,0.488557833922799,0.435146981951987,0.49565334336955,0.461003759060122,-0.224803305970292,-0.321554673472655,-0.181893463697776,-0.231712575987737,-0.20387820579441,-0.0723262320578801,-0.18116699183791,-0.219872249772339,0.0473553169241521,0.128034970544825,-0.22416326614475,-0.250177605241669,-0.14999595919074,-0.0640538535015611,-0.0504054100974778,0.0212123560285701,-0.214738611278697,-0.253707355915681,-0.369247006652911,-0.251269364822143,-0.189730838477903,-0.159897492024982,-0.0797895861885911,-0.300302969613342,-0.176559307070617,-0.171030087903737,-0.182137569253576,-0.117124703439727,-0.168131629489103,-0.193733489381917,-0.20754270467927,-0.131633367559365,-0.118970860000916,-0.0875740468011731,0.0701937776571845,0.115698357270916,0.0533662762108175,-0.100033810840714,-0.170857927492031,-0.142325815471723,0.0194799017310832,0.190829854922149,-0.0142475838144063,0.0336446151853059,-0.186822372225874,-0.0905445622546365,0.0572126465650129,0.0586873759066368,0.0474160413987151,0.0550193862620649,0.0717840233577076,0.0723681537144004,0.0816953049529617,0.130790821070456,0.101940821763969,0.110784119263643,-0.062587389816889,-0.208898916539618,-0.0369943971392834,0.0322394620984943,-0.210155169880045,0.0808760679952674,-0.112897829860277,-0.238261175403697,0.0739041378899278,-0.00771416735075524,-0.102478771104445,-0.0130966907146735,-0.0575828958060963,-0.0224644498037491,-0.323962650220506,-0.290554525650914,-0.123192813583844,-0.199904677516384,0.0588803376245139,-0.157530472093188,-0.308310548589673,-0.300998665141558,-0.20790192136655,-0.298279602241048,-0.118162499444954,-0.0267733409725431,0.175254802278415,-0.0254833418154282,-0.0191329432487407,-0.0516367906899814,-0.378306149477716,-0.115326155448689,0.137232563112832,0.28871682031536,1,0.272769377436054,-0.168312282879913,-0.244093696996878,-0.113139309383026,0.0672816732067065,-0.202169013168828,-0.096015442120093,-0.0643692171145492,-0.0718089124560373,-0.25161520208396,-0.245565679777221,-0.0351222259367024,-0.00695718892703284,-0.120985893180901,-0.226956644789935,-0.119952709836204,-0.119599200271754,-0.00434722706985116,0.0472535762407724,0.0387585821572211,0.179636871756238,-0.013109327345217,0.185878981950026,0.181931477065929,0.101294992404427,0.0674695650566331,-0.0190039579691848,0.188964509950801,0.0413917988986878,0.0615593697352355,-0.159116646673099,-0.149221033236378,-0.132530227673471,-0.0666061677455238,0.0599208469154915,0.0907202826607428,0.128954511847043,0.116678051541543
0.118299908049534,0.00560625781780887,0.0979239475437158,0.018318600882956,-0.0262587225676012,0.019167946758407,0.13413033138305,-0.146768854027513,0.0314385805860994,-0.146000281211694,0.220111036804297,0.1101599630165,0.199277008472735,0.0666163638980393,0.224329087063684,0.110609516209311,0.12989120374708,-0.00214263704912713,-0.018496923148301,-0.233444588369767,0.138937027670299,0.138472612856913,0.330590760108168,0.267306720642733,0.252867064066683,0.217757282901967,0.0673954945308539,0.243033772698593,-0.102553029971755,-0.0745065943904957,-0.153601259231467,-0.0302604211768181,0.146944224495087,-0.0348368484283173,-0.0986917711676644,0.0760139017799536,0.23602929885712,0.149063479719711,0.0257031942962501,0.201129349468674,0.105808035792502,0.146904431004941,-0.123559862388294,0.142718700410591,0.300405454534871,0.107050444922971,0.271727637786183,0.170788674017204,0.283408546145355,0.271432076490911,0.268543993960066,-0.0140050552566176,0.00676688771331221,0.156959106633437,0.295844719421,0.299242120445699,0.195760091254436,-0.0325801007875828,0.218102400613784,0.0579891701757572,0.0165446085179876,0.0059277716014081,0.175833745042283,0.061874873914691,0.109855911033147,0.205716016213746,0.133997114357987,0.0638238166856479,0.0307988973412921,0.0283229444761222,0.168171672778367,0.0809410315525246,0.245212536030078,0.120686244808402,0.0974562737045642,0.319579977528892,-0.113982323309334,-0.172656297473966,-0.154113814917303,-0.196735751457563,-0.356239419918979,-0.183059612619565,-0.095481056850049,-0.0217505185105673,0.212190427304782,0.244232269110074,-0.111244771602462,-0.054412736485958,-0.028684532350649,-0.0202525702331036,0.165704390116742,0.246456657633296,0.0387048884369499,-0.0180957725094904,-0.166066120122024,-0.305246384663791,-0.10590978846247,-0.195621123339073,0.0602107722059821,0.124386442960904,-0.0874976869778167,-0.175865548387502,-0.391577382597043,-0.420280346779393,-0.342052170356672,-0.277400480137717,-0.0820203105537467,-0.103658115491278,-0.337052631323354,-0.326991891395062,-0.299143797475321,-0.275226271318007,-0.371226207403967,-0.34157531207093,-0.372792300971458,-0.345835826407039,0.00378009727848924,-0.225850921360584,-0.13515635693687,-0.13728302502979,-0.210224724765056,-0.188888086190047,0.0292543350280041,-0.0125376543687266,-0.204178586659088,-0.131610221228853,-0.035660485001286,-0.407222127086899,-0.032384141555888,-0.119644368731269,-0.182251220969265,-0.213354168938789,-0.336319774219248,-0.139126194071913,-0.209550251784604,0.0207689870208884,0.127472324063475,-0.00655348214965909,0.0289412730364457,-0.0450694159875292,0.210379145463091,0.0867362008132925,-0.0752242039601813,0.0548820697316759,-0.0276952162525322,-0.0123156125681632,-0.00244632825791573,0.0570491960814254,-0.0714114264909055,0.110566124433146,0.272769377436054,1,-0.291397256145827,-0.230859936813323,-0.228283603985819,-0.0217119156542474,-0.0991784390597246,0.25463102766271,-0.149707820203819,-0.255796084668244,-0.122030950919845,-0.245313205816281,-0.296883091300728,-0.154024292255373,-0.0406319638084338,-0.124415616560477,-0.336245231634712,-0.259765420306899,-0.0365626805352202,-0.00831242808165527,-0.1508757906976,-0.178147715920312,-0.196892522782569,-0.0213390741989187,-0.0551023374951896,-0.0429166569852209,-0.205723342949801,-0.138696684766666,0.108326039182273,0.319926210365083,-0.351852201318514,-0.102362697243837,0.153106378365487,-0.203057117489235,0.15106720909651,-0.259949946427329,0.306668409995128,0.217638124884792,0.139109168568731
-0.41465700194603,-0.310024460034823,-0.275170852481472,-0.174108651804179,-0.144491621647243,-0.113599355885953,-0.407046191460958,-0.30595901663276,-0.365907325913531,-0.257231462512428,-0.444942266574537,-0.3983850216048,-0.438781399848764,-0.342798135433011,-0.430929384991978,-0.36107734531221,-0.292219212189914,-0.230319369562957,-0.114984216317066,-0.0808137519725855,-0.258014683884548,-0.272088979864179,-0.389743578041131,-0.494103945879347,-0.427250666037221,-0.472723122748006,0.0260332053474259,-0.327083481034288,0.182186740585593,-0.459463640695562,0.235974243028992,-0.32957043927514,-0.426984291384593,-0.160663031419719,0.288945251968352,-0.388357827101306,-0.388747775558433,-0.356569752230976,-0.0765444085700916,-0.412593038067123,-0.355760368029644,-0.320939112991034,-0.127790887598279,-0.166792819656557,-0.349978069963114,-0.379926592079056,-0.31831584879512,-0.30533913159196,-0.356712852978645,-0.122925370616013,-0.283524546634562,-0.00106493955584367,0.110241567359771,0.057851741097673,-0.284335429742837,-0.195859159684525,-0.349085623237442,-0.10818909631762,-0.376631087927111,-0.132267888816041,-0.178448018368974,-0.128237272680844,-0.213731771220629,-0.210508214957352,-0.23105926866607,-0.28323389167435,-0.383027778238283,-0.316435348389403,-0.326296188321739,-0.458433340950812,-0.346772339999286,-0.219055026762371,-0.0702454397157274,0.132030141358284,0.0270875784261971,-0.106805739704396,0.375711179252843,0.465062574442702,0.296069147676903,0.487831608743635,0.277485086221309,0.309661009999922,0.326207031551187,0.243275695592086,-0.162415863544829,-0.0375170085349973,0.138034517280926,0.132648089827355,-0.00629994704653753,0.0498830849379042,-0.22801628074018,-0.25831108530699,0.0193283697902853,-0.196455746243945,0.222123858911573,0.183098025758436,-0.0731023211225989,-0.114485911171806,-0.243171366870083,-0.322544632534931,-0.136948194881525,-0.0418437332940255,0.237292657440129,0.00991522869874432,0.0204780865024564,0.0186709237137373,-0.0453340534480518,-0.113498174116213,0.21227610243191,0.183381026287343,0.0779484051706602,-0.109029157385011,0.179895286230683,0.050883156835725,0.210347753722298,0.192946349220097,0.308791459094145,0.437582829781424,0.589300468008983,0.522256570250761,0.199537736639086,0.419603094198662,0.54180277110663,0.216216753986953,0.40550342098378,0.2577184630793,0.12787362703211,0.247628762192998,0.0638961205242634,0.366603163777611,0.33206231672576,0.399304456665906,0.45964990783061,0.534754362503817,0.406569815096469,0.315283970807454,-0.241595044702169,0.205786684489507,-0.238005866030122,-0.206234762966819,-0.301657640793252,-0.409101919936641,0.442150493877886,0.299368608874147,0.118809052608031,0.0918007352002407,0.0625059021617848,0.0939517828431383,-0.0395096931871331,0.0240572327611344,-0.168312282879913,-0.291397256145827,1,0.597765307259512,0.27671181911204,0.229280059374181,0.232519566644953,-0.0179368654529881,0.228567847978138,0.306692833480595,-0.0808309834866928,0.0726676747987666,0.115160630175205,0.146333938381033,-0.0850889516247094,0.0274852802724776,0.0983697759500497,0.084078136611131,-0.0780179111434504,0.035105152156802,0.562269413238388,0.182022863526308,0.219116915813821,-0.184030905081341,0.472014405470713,0.569798097033944,0.36350714419896,0.396582822389899,-0.353293188040333,0.218276765237228,0.292545843103879,0.162083923861365,-0.339152523716859,-0.127434913379485,-0.446157591909674,0.0738927474432253,-0.489136995275245,-0.469877700982506,-0.298211346082783
-0.411893320144417,-0.343379585710027,-0.315351726362229,-0.205657014365129,-0.210751149368242,-0.248703803070791,-0.388398438054772,-0.257215740872344,-0.339806649797186,-0.18886301912958,-0.467735925528531,-0.455594337732696,-0.468003383527851,-0.385689275095973,-0.433030567849017,-0.392198540966692,-0.298949553150353,-0.294731179059003,-0.168676568208507,-0.177011762293911,-0.354703159461386,-0.403343925464477,-0.459675693303659,-0.649832572690235,-0.51762672820519,-0.517488941954883,0.140219942046279,-0.252302933619448,0.12552088940903,-0.410290187946616,0.263979632359934,-0.222080589853955,-0.344269157475556,-0.0828540628788055,0.186239421792922,-0.548890964482974,-0.437983358226284,-0.537705634578489,-0.176880908310685,-0.49755450954742,-0.324492458959992,-0.409809670621576,-0.0644762099878476,-0.172633065735582,-0.380246483787638,-0.570856460859996,-0.329634550371301,-0.443259837477714,-0.341785641571477,-0.153928253364299,-0.122784109905119,0.0157773319322633,0.0766802981318122,0.037903007918952,-0.272564226124532,-0.165485128607643,-0.32109723429365,-0.10651863331572,-0.513511526201365,-0.266875385636685,-0.327487186942954,-0.272512642185135,-0.324436067725641,-0.329125698710373,-0.362789128108422,-0.369789382501929,-0.515310020250762,-0.449568397304837,-0.249284266033752,-0.453649024950402,-0.398059730229457,-0.357000113383854,-0.151603219565538,-0.113091370086377,-0.0430294948619618,-0.258640944331872,0.15353593823271,0.629884087386422,0.187325160318895,0.444566034807014,0.178792424707149,0.292788817532868,0.545767583683755,0.340497814162149,-0.282925772093278,-0.113239481373554,0.00774554845794277,0.162504431471013,-0.14075711014573,0.0398667055559924,-0.222236731705808,-0.23101916857779,-0.0197070207580567,-0.10533100720017,0.218456505055434,0.221089717981022,-0.000628385277675042,-0.183029149260254,-0.278386295043011,-0.348395293594602,-0.173475073009568,-0.00495000475078683,0.216808626867227,-0.0505757038702237,0.18315695438647,0.109915211417312,-0.17456872282305,-0.225931910173671,0.253541632641469,0.186243837262112,0.0688649728402023,-0.1926021572118,0.099083743409891,-0.0851474939417312,0.238027574175567,0.147062002355188,0.202166700495011,0.653473579905598,0.465636888598541,0.678179116324114,0.343391197537558,0.528028298989148,0.500290692345568,0.112007576592959,0.386173002731982,0.123542907682829,0.254414699721015,0.293052502597994,0.103906094422416,0.400550798083453,0.195233844570517,0.583759946341964,0.51316940270033,0.558872190629307,0.408130579082727,0.407264747083677,-0.329131852570642,0.117118875407827,-0.368539768148166,-0.350634081484117,-0.334822969868084,-0.510981607995698,0.483398368637329,0.251398174108826,0.306960613296883,0.339028276239124,0.0390351061218864,-0.0645170848595739,-0.105514801256116,0.00106991283772323,-0.244093696996878,-0.230859936813323,0.597765307259512,1,0.236185063218358,0.329220714308628,0.263478373181988,-0.144045473633084,0.234626110786217,0.132017604758653,-0.198221011030629,0.0322530482259703,0.0540823144924301,0.00678540485114876,-0.156361150096608,-0.0189065031052429,0.0574877582848208,-0.0979782309031256,-0.112612705590234,-0.170373137161733,0.479851761663829,0.273653409613811,0.189966578023093,-0.258641359694364,0.348964879125678,0.608651032470579,0.402701403868941,0.430333766491338,-0.492719035946563,0.14820399828574,0.295214203451683,0.185282708660668,-0.509298686303785,-0.150984995059661,-0.492099993065174,0.000391961551249608,-0.538261767603962,-0.364779496624391,-0.370204731818494
-0.433789803961535,-0.474918107492316,-0.33272339978519,-0.323690405354707,-0.133848236981014,-0.211654839471691,-0.406317992157106,-0.37257590467126,-0.290793752729207,-0.291350280048806,-0.372794116679433,-0.396012491969525,-0.402790501492874,-0.359900833450013,-0.386939341811057,-0.343178969853862,-0.283255090965674,-0.346470057535396,-0.0414734097311349,-0.163725507489167,-0.226823557532803,-0.288535496943896,-0.157506413569628,-0.298304990720597,-0.290502340259846,-0.456101356391074,0.2614831336972,-0.0320972448041926,0.440879302324633,-0.337241312575192,0.256206383399046,-0.416862346194191,-0.0912671647735862,0.124026153020183,0.353116956634627,-0.408376436605256,-0.350639178941458,-0.406821282750432,-0.190051620478033,-0.476475623983173,-0.298328685172771,-0.304455578991322,-0.11568545246916,-0.286677324345745,-0.416401602052155,-0.41420989785041,-0.379661259036882,-0.32276537210624,-0.172418597411477,0.0420647229933341,0.0142317841847548,0.242385570117044,-0.174898674580821,0.179004991726646,-0.129688727664488,0.00234192544530032,-0.080970687053636,0.200665194514379,-0.139512700139351,0.0495773477155539,-0.343431771145744,-0.335412432045755,-0.300305205957513,-0.345393824447983,-0.502517015688644,-0.411543795781889,-0.373580391601367,-0.400987952325143,-0.175527145473531,-0.297560337408825,-0.346070449842747,-0.307801898088607,-0.350837868013305,-0.231032094872074,-0.121157879993624,-0.347481513421794,-0.143316299669638,0.0073389506286328,-0.233371849517749,-0.123506560771431,0.00629912255282002,-0.0473048160721211,-0.0818726983387907,-0.280033875356444,-0.466345223336883,-0.450766470577723,-0.341392461919583,-0.219678566684539,-0.323806264730937,-0.269224358099055,-0.386243169704317,-0.346633724624488,-0.217849852584316,-0.156160521090045,0.223498612731552,0.230911335702572,-0.139517039663196,-0.133875866059036,-0.418459691790604,-0.423421659801038,-0.134773785691023,-0.209294133260034,0.12970237588425,-0.0317197172115037,-0.00535016622314223,-0.11250149311699,-0.108663760254157,-0.206209171774864,0.439612384476388,0.283511901393715,0.11852253972156,-0.155432967135892,0.246173956467684,0.0433242732469867,0.378371491135021,0.431671217010784,0.26377801807614,0.165475060408333,0.606433355057867,0.407556494913101,0.600150256780221,0.396954171045459,0.265649849477312,0.00126636467086458,0.388912315778738,0.203126416092886,0.135058947400687,0.299491638245513,0.413994869267454,0.340995733044201,-0.212325788023492,-0.0592727621360061,0.0396416942759065,0.0674526209010132,0.240449306098757,0.0902060847973095,-0.368858950963098,-0.208535242122591,-0.261079681843123,-0.374119577144832,-0.278004802648251,-0.387719210889541,0.224590538382131,0.0719747489123033,-0.13060363959474,-0.087147608803544,-0.307137435427427,-0.332319451983313,0.361798515881994,0.213798915438401,-0.113139309383026,-0.228283603985819,0.27671181911204,0.236185063218358,1,0.338850169029333,-0.131090673879829,-0.376682415091738,-0.0255246082008208,-0.0850852046108589,-0.354470957378874,-0.314463745520147,0.139856633840577,0.0159127059203045,-0.245903782301982,-0.195725413822578,0.082326352012431,0.0020468638781071,-0.157262239270874,-0.111200670195454,0.190591216233934,0.460105815555788,0.411717966467131,0.241679507795897,0.361638168832429,0.335287658019407,0.470609541576385,0.499669030791276,-0.0593283815400349,-0.0765709497913655,0.41183714880295,0.219528215740213,-0.322467738939734,0.207906983854529,-0.39645598144123,0.224531876759626,-0.379125892402803,-0.288820884780145,-0.321558020494815
-0.471802332189521,-0.572570132969366,-0.482530187856171,-0.581733311038675,-0.287156232704578,-0.504896946190422,-0.409300777508097,-0.461119672037971,-0.387932450066131,-0.425498967758458,-0.459710608340552,-0.537491585648214,-0.450102996220238,-0.570755405904445,-0.39329231317421,-0.582971506800305,-0.494386563096792,-0.530716775119441,-0.482757997247413,-0.508603261162949,-0.482700213065901,-0.478084656305998,-0.213251558662942,-0.280192263548855,-0.392385527443977,-0.455646152676568,0.257297764215812,0.160984937373078,-0.0373541998479874,-0.307917137367899,0.0905661173895261,-0.100760465569066,0.0857784756674397,0.296902940654692,0.151547682454671,-0.468554229170433,-0.392087472087818,-0.460664552668201,-0.0882657292921739,-0.343411128872403,-0.364456987401618,-0.317908504009923,-0.252103701203973,-0.145372234830731,-0.501436672093843,-0.522333270384867,-0.460224173128449,-0.409527257635831,-0.0732171262723056,0.0913307132356299,0.0989996840655513,0.283557129175088,-0.0734763880872236,0.305659612366482,0.0488035897553384,0.137997121761413,0.0431262369610748,0.312389400106598,-0.0586948164801017,0.0903685410850496,-0.533485204195027,-0.526724597314134,-0.423168135095806,-0.464150914027958,-0.499872787443267,-0.311243308350945,-0.561991936598409,-0.567237936943571,-0.072415774234595,-0.133665202847281,-0.457053009719918,-0.471297988736861,-0.485459850838638,-0.314026314976973,-0.366023496226454,-0.319620656305511,-0.271157788873274,-0.0649399917395006,-0.328855593654212,-0.082246445577241,-0.230852222524047,-0.0106432539746781,0.0613788914184751,-0.196974010189964,-0.339590213084909,-0.346713582370497,-0.338100383910464,-0.186652796125475,-0.333275756613705,-0.283274524896793,-0.358957412989364,-0.311962655688247,-0.151194423628454,-0.275313435095587,0.152515259914219,0.154765261418306,-0.127394683406757,-0.284991064093251,-0.44683140809232,-0.470828707592826,-0.27753595639475,-0.138548953359875,0.0231072031355191,-0.0199361276322841,-0.0950258857255631,-0.0644785516660346,-0.252938021581045,-0.226838995749995,0.28496090069678,0.174231781935647,-0.0301817959398713,-0.0733139241185424,0.0518409971463359,-0.0602460889632648,0.259360530052349,0.24914452644158,0.0908889119206426,0.275242001881595,0.469738332313563,0.614095550896052,0.215807387197263,0.612320563440061,0.234752542699709,-0.0681933703329715,0.454862005789679,0.0726011553290173,0.248537516900562,0.225012204785943,0.121680141062561,0.305722977634741,-0.320317721521963,-0.140287638271378,-0.0319837473600299,0.0338890432970394,0.183746515071712,0.13852158371038,-0.449982201426258,-0.239206298810188,-0.547046739991079,-0.565821316646961,-0.390636985743409,-0.437777273602836,0.321816075710928,0.130272748465921,0.23015477588705,0.167595990956616,-0.390572930409545,-0.358380465387616,0.138454377443657,0.333941967812578,0.0672816732067065,-0.0217119156542474,0.229280059374181,0.329220714308628,0.338850169029333,1,-0.0818517621274757,-0.438560126453544,-0.162972675267383,-0.0659954610341153,-0.331277441689036,-0.236489514953944,-0.00789201819877855,-0.10471379408994,-0.243920844435997,-0.291924130749113,-0.089333397769196,-0.166769781749621,-0.0351929064506185,-0.156387186974025,0.362513054575227,0.478328496533324,0.201230389292591,0.132847765139864,0.147911188796045,0.474225011065784,0.379333771607588,0.35026073583344,-0.152816278527266,0.216712129752523,0.298207654185774,0.118616612498819,-0.471477241095439,-0.0705378199082911,-0.43068037711316,-0.0128055903974939,-0.248494924652046,-0.222554214680718,-0.0130032910978278
-0.11713906258509,0.0395893781124889,-0.0309591767955047,0.113547759658912,0.0367667505495565,0.0885936334067625,-0.0640591844622063,0.0384158689293612,-0.0464418714447346,0.112919160358918,-0.046567437353883,0.030115471329234,-0.0929926443808696,0.0474030358063828,-0.0863659355546305,0.0642115346915197,0.0352500023448288,0.160897426154916,0.0443214674107223,0.147439722172071,-0.013257240271372,-0.00433864704020482,-0.20863100247813,-0.240937634452311,-0.118504473702438,-0.10399793475108,-0.0415992215786753,-0.296750155247134,0.0318838243946835,-0.0403925882224352,0.169263382069756,0.01915127684115,-0.200262192848362,-0.154787008668874,0.119795074639119,0.0280348465536925,0.0464494834097536,0.0379322078328579,0.100566661124724,-0.0233819289052141,0.234949569922412,0.120145540516811,0.269731562468167,0.18440454558785,0.0454644882774352,0.00900444952234038,0.117928931061321,0.0924731247131475,-0.0907300302840817,-0.0501551863896453,-0.176153446388168,-0.146960484633479,0.111016811805276,-0.0872911355344858,-0.111147809702679,-0.132407108823912,-0.200700462999632,-0.192303156985807,-0.237977334364869,-0.192009790676508,0.0456050937497407,0.0958634226980617,-0.0525245538248853,0.0863355543558503,0.0275374812510322,0.0165414099199791,-0.0837034621184234,-0.0189582376532173,-0.055674494002689,-0.177718987392047,0.0116190807132163,0.129051745687602,0.324693253313443,0.333622617275928,0.323097436994206,0.0740964477093816,0.181002416485274,0.286981672692466,0.368666629926212,0.47321427731159,0.380871995511152,0.371434922182804,0.27645793416198,0.241723749212712,0.0454478792898633,0.117767893668349,0.155644817940582,0.0394650202132059,0.11044592665545,0.0663358939273204,0.119088142328555,0.0214037526328069,0.0828130786508522,-0.0387787465433615,0.125536718327242,0.0764347384052223,0.130946688496293,0.0352762483864369,0.175798111284861,0.0757973904662075,0.115438767432839,0.08721819492912,0.196764469670044,0.142536951150247,0.203300888161517,0.314441970718943,0.0481464588355623,-0.052326116398298,-0.00224336121733646,0.0290445056190158,0.139181487564666,0.115588640647476,0.0779588354837394,0.0917215839190736,0.0778865415580264,-0.0216420997293605,0.00216522352665198,0.0783092922653455,0.0317481221246849,0.0535575380459102,0.0451383686475164,0.0185992951131139,-0.00647268345487528,-0.0276403470298683,0.0534843192785032,-0.159274270157935,0.170697321645268,0.118197105063721,-0.000128024065903827,0.0173882410773568,0.34261001533496,0.441027444101777,0.489692689348715,0.375191812237837,0.187043201396797,0.150954147858646,0.0724509245733753,0.424763217754253,0.016755876007385,0.0367742658841425,0.0528693108476334,0.0389328283825081,0.195706419177522,-0.0528803014265234,0.0135855240228501,0.0492581612152042,0.287100527921744,0.292265765100361,-0.171065926983225,-0.128273362072137,-0.202169013168828,-0.0991784390597246,0.232519566644953,0.263478373181988,-0.131090673879829,-0.0818517621274757,1,0.264030278029993,0.334476651074966,0.321532574755168,0.0206541097800693,0.0789748513066649,0.0551674812434472,0.0478171210897156,0.0594582953546408,0.106681918901213,0.145323541818698,0.0787786521333711,0.0429472521721443,0.0316643817598942,0.0685704060067006,0.0076968029022113,0.0513879856395369,-0.16959527243161,0.284383210406283,-0.0246089856702752,0.00563374282801268,-0.0107362263398626,-0.260373029233793,0.0542740282782875,0.0504832185399227,0.186634729202754,0.0501244923635137,-0.0319120341701141,-0.0132163263616715,0.0711106013107219,-0.00909769064890216,-0.215839124372917,-0.149272823619288
0.399994443172622,0.482263952732469,0.343340722734374,0.424732211674972,0.118011351085946,0.327373765255307,0.306739919256428,0.298407376920684,0.249628784497461,0.195670890207653,0.486492046690298,0.498411730802997,0.436066667324846,0.527302155740789,0.404080975481929,0.538003526386412,0.446954474360098,0.442240907000299,0.275683131525509,0.265184385902406,0.375401550336326,0.349703035985294,0.189916519131743,0.268644466688138,0.369914495085293,0.486037782274476,-0.278700835800038,-0.181176249700448,-0.0833916926501315,0.228143548022099,-0.157376277805862,0.0337572334074593,-0.176566755949016,-0.333185558519666,-0.103511537385631,0.475989679519952,0.482785640223344,0.59032797593949,0.223858898917994,0.374620470538142,0.389246784910654,0.381131894932085,0.162239836702591,0.253900027788546,0.5590622827186,0.459556046486608,0.460108920965827,0.406786627694332,-0.0266562163919082,-0.163782512084147,-0.155146440022451,-0.380175716230167,-0.0319623480511524,-0.301971963753189,-0.0651095622882286,-0.195713954447622,-0.149372407202912,-0.365856669714194,-0.0647358302653849,-0.236756524489113,0.482636896629481,0.4924173327519,0.426118568110261,0.381001085610014,0.50798254430021,0.44364760398977,0.523960203924998,0.523278346090712,-0.0133645110147454,0.0263015284884795,0.517600595272502,0.546958287918717,0.620648565432874,0.66720463821028,0.393298318383204,0.489889178657088,0.370036912492938,0.175561416715994,0.507091636278865,0.340539031111205,0.327379911432095,0.0540160672599749,0.0589959552066363,0.338686775618474,0.481549106928535,0.472608276684157,0.315090664644461,0.196928574035867,0.41315855426388,0.373969339305846,0.462256323477263,0.375344970452656,0.132499847733721,0.0699377096634851,-0.250126080401361,-0.334363432201514,0.160389529491757,0.0375580126799119,0.47250334060851,0.430015443563416,0.119727680699898,-0.082194720460189,-0.132342075624691,-0.1809394989657,-0.0358688233853909,-0.0246515626836117,0.0272051041080241,0.0558340383338492,-0.447726463240166,-0.292156904447475,-0.120510100269139,-0.0302843817183776,-0.31355522578722,-0.22242802361383,-0.368778921667333,-0.368892164058874,-0.0490166680008878,-0.202105281038426,-0.308581166791299,-0.371553426859664,-0.33758948681641,-0.381320970705697,-0.0286978437050942,0.198440610372579,-0.302994130644204,-0.0660789900457446,-0.00529773235785796,-0.19144435747189,-0.0687778422965116,-0.157491103579559,0.449834151862919,0.282213765674743,0.110993295691288,0.101314629135676,-0.256904456666296,0.0881762418083352,0.528759161369812,0.517211290741511,0.529485326825678,0.492397662106368,0.453944904726336,0.397419558418339,-0.220286206322544,-0.00495283304531923,0.00210328662165116,0.0963062510123949,0.528535259514902,0.627703017609569,-0.115768035905404,-0.161341403476543,-0.096015442120093,0.25463102766271,-0.0179368654529881,-0.144045473633084,-0.376682415091738,-0.438560126453544,0.264030278029993,1,0.299793739593629,0.156113490229249,0.319710876334153,0.246051768108705,-0.0636070192172996,-0.0972629873956332,0.193050770319116,0.254558882510314,-0.0568786308757845,0.0649245354882695,0.0931417178370857,0.090552459007757,-0.166064621628732,-0.367422818506043,-0.111581017309231,-0.0784308812375474,-0.0511014577852587,-0.224881862494293,-0.328658754497327,-0.193786502995638,0.0287391276727983,0.260220041848314,-0.353871880364701,-0.0345818584590416,0.515979709062912,-0.145234155489246,0.437322426774128,-0.116853141216418,0.363819122406691,0.115435966727439,-0.0119703745702611
-0.100094642523253,0.0281913578650233,-0.0920300520996439,0.0135883703622401,-0.0188432142293897,-0.0507931173129808,-0.138677139828298,0.0615573516218986,-0.0193608458914602,0.074343497972658,-0.0982564183858973,-0.0503599059794673,-0.134652335525315,0.0216640225220016,-0.188969139967337,-0.0179662954255085,-0.0350678698074001,0.0609056927169216,0.0724120762798574,0.088194625715888,-0.14115900371344,-0.171776396619455,-0.236228263231998,-0.192781257841251,-0.134734564169839,-0.131281149675958,-0.136148689409525,-0.245533524446153,0.0209448480028292,0.0183572009664987,0.0256848206386786,-0.122370272373726,-0.319369876817977,-0.102060709652494,0.0702201409078055,0.119378535587507,-0.0544177872867889,0.017719008061172,0.00205636371021527,-0.181376705579376,0.0412746091152812,-0.150478943405151,0.0482634793821548,-0.15597593985959,-0.0291330814249616,0.0219636586820268,-0.0409138694190914,-0.0978969280219714,-0.141888229666369,-0.0687763641436577,-0.0732104047512723,0.0116182585920216,0.0449840686992881,-0.0580395908212168,-0.211512380745408,-0.142941203354387,-0.178506969767053,-0.0594423248887372,-0.144504681019825,0.0139355980185188,0.134741284662112,0.150880618780816,-0.0351350222240421,-0.0616451370653984,0.0167378165964399,-0.107634518894795,0.0596801126097313,0.110304420056447,-0.231851578559301,-0.247833251939608,0.00518495415044981,0.154120659906276,0.34119393820418,0.347230697416142,0.054572596729225,-0.0316164439712879,0.341814405861889,0.362569550501787,0.574823043511262,0.516254619415384,0.665327237953171,0.354764144492567,0.302292159918947,0.308226661554442,-0.0212993703909364,0.041075996514061,0.211971405950639,0.204480686098045,0.206583921442635,0.168978648229132,-0.0077263909301228,-0.081090187612796,-0.0625021294888765,0.102450801807876,0.189581988610817,0.192336969414971,0.225366396302374,0.268807881743672,0.128645571103594,0.0315638589616226,0.209233101824747,0.0925422064469427,0.195652622431997,0.0667394260719835,0.262310349287449,0.284067298907947,0.0873407278527142,0.0477972338900719,0.0750307604343153,0.046732671010757,0.176435464223789,0.0971618121797245,0.128124906036141,0.0766817888250779,0.133621438372101,0.118493190263764,0.0167331119985746,-0.0299545337129925,0.0193326086207446,0.000776190649996071,0.0217270501109112,0.0557878509027454,0.0836179220340702,0.0171524818175165,0.0256889157098019,-0.0974815188311043,-0.134115872066676,0.0389951946047602,-0.0888178890991422,0.00112179349349708,0.472941203143912,0.476195382720777,0.520636483130582,0.402882616566671,0.168872617122605,0.403434118639184,0.110005554359239,0.384041237845014,0.0645725628496565,0.0914788566380015,-0.131472469514037,-0.0707409461443862,0.177440513838111,0.0759657289907996,0.0244018394466688,-0.0158335215871223,0.343818836592313,0.378311179434039,-0.0192676356094452,0.00957434720107714,-0.0643692171145492,-0.149707820203819,0.228567847978138,0.234626110786217,-0.0255246082008208,-0.162972675267383,0.334476651074966,0.299793739593629,1,0.269637615337062,0.0824293781809086,0.083492944721389,0.301235001056151,0.216286684235373,0.113764204622599,0.112409144522037,0.239512883373523,0.143996182495616,0.227249031708838,0.175163682127572,0.149665604919236,-0.102993701031665,0.0459893647730327,-0.0331516189125146,0.256397364245292,0.126194217899188,-0.0368500279310478,-0.0721888007137402,-0.097110381324953,-0.0342138499007961,0.0933187700370306,0.123863847049973,0.0565498541148044,-0.0704846508666365,0.02589330343345,0.181529198868669,-0.190374318661879,-0.208204747938715,-0.237140388462004
-0.181556632627839,0.0568159408460068,-0.21273974345921,-0.0897035528867828,-0.144971452870899,-0.124476435118684,-0.157889080288138,0.0836527448928542,-0.166432143622227,0.0366269605090038,-0.134145899552451,-0.0297045224586748,-0.16134022184999,-0.0486842460893612,-0.173960108351258,-0.0438887758082972,-0.154858163703449,-0.00748979807634279,-0.0755244802331645,0.129960044217993,-0.260645300136486,-0.202957518896087,-0.330226150500082,-0.241154734951563,-0.193007115329094,-0.0940186329516432,-0.227156237838354,-0.297156786071347,-0.181511068726542,0.0848169797663962,0.15930542612793,-0.0353203275182158,-0.307016231373986,-0.150004607145148,0.148361754866285,0.14148705669755,-0.145995619837132,0.0381008187107663,0.125752157881745,-0.022877904498592,0.00194503008377441,-0.00142116369076994,0.245995459260659,0.0548446265732984,-0.172807251186025,0.0278560891813623,-0.0760169053260332,-0.0720078564362558,-0.17556268240191,-0.0706157913662151,-0.242895209684858,-0.106042364601797,0.0773843654691283,-0.0693977899458809,-0.194921805541551,-0.147044954711849,-0.256582515995733,-0.0605748472385525,-0.216431045934181,-0.0143498226414898,-0.0860596259241447,-0.0111893848094686,-0.194437451595577,-0.158431892922601,0.0144535638427462,-0.112802742312286,-0.0538820980164863,0.0633319700953547,-0.24028619917817,-0.16586788171817,-0.0977949015877222,0.018885270168374,0.0657725720666057,0.314705247396801,0.00970483859435026,-0.0498395723098154,0.282327089136363,0.141492592235343,0.327466947970774,0.450058504968755,0.371023433681239,0.61336994916125,0.107579753647234,0.192290428854182,0.0797574254906189,0.0901090824504338,0.362112476337461,0.201587982906143,0.285450937062332,0.19998667745457,0.0434623974720882,-0.0553501030177826,0.192144507342678,0.00942434467582591,0.189685691140838,0.154713432415594,0.280900603127474,0.227653980940524,0.168950559357174,0.0511282256537372,0.0395595013640279,0.282361758000801,0.41270090882251,0.287742158671009,0.279773800724592,0.404608200031366,0.212114374136107,0.211449656739431,0.186586169084691,0.229465171480526,0.357496238900219,0.335048528387116,0.340099471126574,0.340946767940304,0.204363802528646,0.158116221220872,0.0101386856750783,0.027168392050192,0.03604226991439,0.0470644509434816,-0.119576199551171,0.0707839317901606,-0.0134541838164167,-0.0397024812965365,0.0341808632885426,-0.03611077228102,-0.114234432966079,0.0647055890632586,-0.0892437543807899,0.0370250798535427,0.30980331737403,0.288090451178027,0.431557272402211,0.327857356735124,0.196299969570125,0.147772913913291,-0.00639064878677048,0.253945767715896,-0.0590439687011126,0.0688047821648607,-0.243437719030812,-0.0896871880161556,0.0893961754360068,0.0391808386950029,-0.0569620483877447,-0.0487322738334817,0.138816955179439,0.205968294222203,-0.0751793912705879,0.0224247510313441,-0.0718089124560373,-0.255796084668244,0.306692833480595,0.132017604758653,-0.0850852046108589,-0.0659954610341153,0.321532574755168,0.156113490229249,0.269637615337062,1,0.0825615838246683,0.131325756823139,0.186714512432428,0.330415132502623,0.237196668388498,0.322819220787495,0.0803951905889899,0.0823651007508542,0.241177888095809,0.159242800405871,0.110682003807337,-0.0604442667796285,0.0284098499539274,-0.198577775925195,0.282241747492009,0.0402768143489253,0.00901548102364784,-0.0763197953114647,-0.0341281058014858,0.0264733043384797,0.17029654411155,0.0752388000688124,0.0598861257868652,0.124675546922859,0.00581358617833559,0.171037392433585,-0.0528466513060996,-0.241712957189404,0.017715050105475
0.531309328142257,0.50236038434018,0.562586916243604,0.559535424520252,0.319720509789983,0.502043835198423,0.567967480222005,0.533196702187136,0.467697152932049,0.446937209769559,0.520807807718118,0.572763565104585,0.564948556577518,0.615638486215769,0.542602512762467,0.582008676041567,0.596011440105272,0.636363652815206,0.488433435733101,0.581684136041955,0.584827450942641,0.592731752748637,0.0757041740551128,0.171952064902808,0.335328521463348,0.435633236711017,-0.386277016277818,-0.356690198643772,-0.113920618508525,0.298237669215211,-0.176955135443494,0.236308811680645,-0.174262459837786,-0.549280292672609,-0.213685932377516,0.479409872507048,0.456616847836199,0.488080274185252,0.0183270694981455,0.488582194864946,0.329892011509045,0.444864184492272,0.113646634658923,0.273687804395818,0.450991392990755,0.460009992311718,0.410853621849014,0.443829362267021,-0.249178004688033,-0.492782819437457,-0.1921668391514,-0.556571422258801,-0.0436851045557238,-0.592925390604554,-0.268510416189196,-0.525937546216588,-0.184321152734103,-0.479326232397462,-0.0927434289654656,-0.348439503532615,0.583840254290599,0.555740649111261,0.588522617008577,0.58768760023613,0.641240334539757,0.535496947886202,0.500760434886337,0.477089641320453,0.126764797627674,0.13657938055811,0.536057788342053,0.501395759951881,0.384235649803449,0.295533448963681,0.307569715243819,0.353407049424811,0.410596185531925,0.243713675787598,0.439409559994263,0.216386988089343,0.267524566919022,0.0822272714563642,-0.121307512139859,0.23865183791809,0.684870882479064,0.521657306369016,0.394519484751769,0.269843680876392,0.458685577509516,0.419738851783248,0.650257920360677,0.553862089423641,0.290714867527033,0.255895899037268,-0.444946662751176,-0.447985879984853,0.243525770792004,0.177010082302794,0.623871059171626,0.649688476423163,0.147949751372691,-0.0732593794846259,-0.0937453317923257,0.0493348749959481,-0.0292614724099245,0.0133263765808782,0.0778424490781536,0.094591639517661,-0.523778029846048,-0.412989044350814,-0.208482702489533,0.0765846196876422,-0.336883607385936,-0.20926007353936,-0.497282053004807,-0.473037169727914,0.0834188854439158,-0.0486177988957065,-0.424709910715891,-0.452797674073139,-0.251650818250992,-0.446412794368297,-0.0527884120865619,0.240470744965545,-0.435786937667473,-0.123470923288537,0.0137278521744884,-0.161541382959663,-0.0150090634321647,-0.108678242885719,0.590926449008892,0.248809065187984,0.0743137715722346,-0.0442817891065233,-0.204847440085867,-0.0399878776192021,0.581046468344834,0.374131251380865,0.556774114384326,0.538250686870815,0.320810908296261,0.456181578839565,-0.380177660348044,-0.0809169154588016,0.323510848425367,0.165896619252404,0.417883914086222,0.394594788190231,-0.140540976251463,-0.317468021429479,-0.25161520208396,-0.122030950919845,-0.0808309834866928,-0.198221011030629,-0.354470957378874,-0.331277441689036,0.0206541097800693,0.319710876334153,0.0824293781809086,0.0825615838246683,1,0.704558468032159,0.214872190446021,-0.0313364908030494,0.174631666535371,0.279602577437537,0.33862750703291,0.476121334755666,0.175369345378768,0.210865910517707,-0.126706849268482,-0.583805805674912,-0.206064349046499,-0.149615421904703,-0.259171040574153,-0.284735255472381,-0.537545285801118,-0.326516241196811,-0.0141128544923788,-0.10067460206189,-0.509475847316198,-0.0710440568484219,0.46954727347012,0.0966838059930288,0.406204161087283,0.0027467325108422,0.302751903045652,0.0506822645064172,0.0409301225557555
0.287751532321883,0.324544952593685,0.293023031380356,0.3581291833287,0.0777597739444685,0.234815801762903,0.264243089761377,0.291780645407209,0.148873424366999,0.189015098287524,0.34073752730873,0.392138089481792,0.344992706387467,0.424520286844086,0.346635549699337,0.424573147685,0.346944976641812,0.410327595056897,0.198950204871371,0.361238565618053,0.310440752189981,0.349595169813773,-0.142031326636013,0.00736917255479794,0.129203154828138,0.268670097678109,-0.401732178895588,-0.388719606424565,-0.205569602552905,0.200629744796081,-0.159986595108031,0.0796076765857837,-0.252494960683,-0.403349848521314,-0.168001272565753,0.386448326826464,0.200961089814175,0.341604628087422,-0.00960757894465228,0.351767271992183,0.176535059931935,0.332090508559126,0.0472780772267324,0.179840173875666,0.222029138450524,0.327392502272544,0.215758553682411,0.219984414210315,-0.268354893451833,-0.325117821612365,-0.289475449592381,-0.40286195288538,0.0750299333717419,-0.408431672535009,-0.232309062102047,-0.373158410417607,-0.271666465451939,-0.345630409430108,-0.154484007728143,-0.23714398777971,0.398370422724948,0.44671360811631,0.371585135778734,0.475121742407016,0.486934726029662,0.428642347343267,0.269043140678264,0.309624101331805,0.0743844840778298,0.0287739253250741,0.331463172560498,0.376226688610658,0.252972964167619,0.218765414564005,0.318819490373649,0.239711648590354,0.392103128152239,0.314916864737462,0.343031638035323,0.28350969078092,0.283186022145969,0.115980237763541,0.0758650173672937,0.262230057585202,0.400227231709777,0.347534624039374,0.35656260225637,0.288698001764993,0.405545732424233,0.475680139337745,0.390714151842874,0.348094315569922,0.156431527035581,0.211760564211723,-0.201571316726285,-0.198730202255738,0.243224496278064,0.17056104662533,0.409291786635358,0.451024121554232,0.0578281198474288,0.0221100984716308,0.116103216278062,0.202894848939222,0.0668334529868495,0.121523643495444,0.0491073717381425,0.104699206854761,-0.211635625132127,-0.0666555522294709,-0.0971845345727406,0.119256907398499,-0.0906389779886413,-0.0114233565601735,-0.178715431156308,-0.177332752572027,-0.00960661690175653,0.0214011686997232,-0.273753495630513,-0.253181383348113,-0.136158053592717,-0.227020932150947,-0.00535861414236621,0.257145965558265,-0.212695478487398,-0.0925942497097261,0.102203644170126,0.0943488923446694,0.00744616337135938,-0.0239173912212603,0.495650552352982,0.372428317599592,0.147793673399883,0.0891873859875277,-0.10822299722994,-0.0250025259503791,0.333302528690887,0.343955954694622,0.313856123650395,0.399246164861304,0.209296348581572,0.318026061659675,-0.136693422762799,-0.0159178226031908,0.26795183940758,0.227386459791834,0.288336274457482,0.367799794756577,0.000862610637213311,-0.233869769366274,-0.245565679777221,-0.245313205816281,0.0726676747987666,0.0322530482259703,-0.314463745520147,-0.236489514953944,0.0789748513066649,0.246051768108705,0.083492944721389,0.131325756823139,0.704558468032159,1,0.209514079454866,-0.0415566085254812,0.210248385738895,0.294462575313722,0.201239984175128,0.248138519907445,0.134786471015826,0.0609652165294246,0.0455715845955786,-0.320876726772522,-0.0214822077266128,-0.0730218734207546,-0.159427631274796,-0.0945693918315547,-0.291872328003322,-0.188194903086485,-0.0839641967468817,-0.00617377533178803,-0.12216746542339,-0.0551226056533919,0.345430314692016,0.0651579215320895,0.262551100804899,0.0497128485268452,0.132988266617792,-0.0153483021165878,0.0149201293629256
-0.186992080083815,-0.165451695784095,-0.157642617443884,-0.171444483929518,-0.0845160812868194,-0.165297252911086,-0.129921163161151,-0.086806196074777,-0.11106515578057,-0.0943916435603242,-0.181837484287351,-0.164590363133045,-0.179485536956066,-0.102986574375954,-0.214897842612936,-0.152124828030198,-0.154018770320585,-0.130100498313295,0.029893799958591,0.0749527272084166,-0.11969949900072,-0.177808615301437,-0.357723891025516,-0.250871775548594,-0.322226722076869,-0.232242538170641,-0.192429608104548,-0.335312027558932,0.0253036345819427,-0.125837656912576,0.117245924539947,-0.185392483065329,-0.207487297985959,-0.0806477763435413,0.166762574654729,0.0176666605400252,-0.153675194579617,-0.0754800180167102,-0.0555981909745182,-0.123762093317983,-0.040825568937006,-0.0139962163588571,0.0397141322588338,-0.0209461766190941,-0.253187484080865,-0.0750278294791186,-0.11914432051208,-0.180240422813432,-0.184968766249414,-0.0517119753164639,-0.221504131207895,-0.0598894357108753,-0.00735728973541747,-0.0272072917400982,-0.21107822009963,-0.107140775075353,-0.267505988526192,-0.014223538002616,-0.219992061891672,0.0158419897028971,-0.0452231924925403,-0.0492241581222921,-0.0471391336355524,-0.0770350781293271,0.0612504992125512,-0.0359736733466173,-0.0895786240081805,-0.0356975178094531,-0.113229703820024,-0.119881499798468,-0.206783566958683,-0.149108489466117,-0.154567926514303,-0.0326220955844939,-0.0430576441802809,-0.174902668916323,0.164637916507352,0.122983325791414,0.0717495553214311,0.0781525280477034,0.462159928979093,0.195032576037711,0.105894717749328,0.071726951803608,0.0295249929358953,-0.0536127024520668,0.144908808499054,0.105949249251916,0.189246893591746,0.0986395593444172,-0.0169641097107981,-0.0442752860107033,0.0362247396375766,0.127453340862983,0.105225038488468,0.143892662770273,0.397255572513203,0.408478783125221,0.133687429984531,0.0863447542091909,0.095687295450213,0.181240807472854,0.315750477820088,0.350544262016645,0.273418182072194,0.327857197295076,0.0607964560149992,0.0854261825813278,0.230504979994706,0.221833702686699,0.272199721856829,0.256897784951981,0.33343239810851,0.256431508720495,0.233895977657909,0.249157405182883,0.167675685697567,0.0861091328570367,0.0900781783587789,0.131621958772906,0.248863695930885,0.163800834952266,0.152113568771196,0.111088274718724,0.120082198890925,0.117972766634829,-0.0436284523754928,0.173531140344691,0.141673291803131,0.110937463245867,0.166968565748253,0.0746745363434816,0.314618748854962,0.231997723763681,0.154436362116823,0.118474890780666,-0.170023977857731,-0.0577272558754423,-0.0131656633274716,-0.0200902615192858,-0.255539924491989,-0.121647065348188,0.0511047550649631,0.0590435998690078,0.0359356748376273,-0.0420895414464254,-0.139398053264145,-0.159211892177298,0.0596212247922124,0.00564875691346424,-0.0351222259367024,-0.296883091300728,0.115160630175205,0.0540823144924301,0.139856633840577,-0.00789201819877855,0.0551674812434472,-0.0636070192172996,0.301235001056151,0.186714512432428,0.214872190446021,0.209514079454866,1,0.231059460650183,0.235401716548066,0.0262049734002997,0.282623126330782,0.269685635282586,0.362328591482486,0.327758822110877,0.212610976035963,0.0216364198175516,0.226613110475319,0.0189318591664347,0.116236705900807,0.0677109643060789,0.112327064675853,-0.0272480481182194,-0.0824873121426521,-0.182985933790482,0.218149078669327,0.142055855479084,-0.124844569621726,0.141985804695602,-0.00534541682941709,0.198770978084056,-0.120381292233891,-0.171337962946741,-0.0311147477930082
-0.180298198706692,-0.0884301433086169,-0.153750165801355,-0.11213218888615,0.00610061047461477,-0.0292313935413474,-0.159503722327326,-0.0807612873424487,-0.189466272822552,-0.074830751878332,-0.228289638257863,-0.181378748499357,-0.267293122939216,-0.207565025493494,-0.257544508398391,-0.206641229286688,-0.243471736509801,-0.158428259481629,-0.0331386209105791,0.0222914052607805,-0.175949539128245,-0.169950777716168,-0.184413279460302,-0.139268977971466,-0.217997251404263,-0.192049346428074,-0.0676605464840535,-0.14411811456389,-0.0594413967194821,-0.129036604274707,0.164849295342464,-0.0826298612386987,-0.143868072586654,0.0237820404397896,-0.0100016832453791,-0.00687304745510771,-0.215789022178694,-0.165426858350282,-0.0886908977551756,-0.107959405250439,-0.121569035428889,-0.130032242877301,0.0426066515686263,-0.108238463782556,-0.208236106439498,-0.0391376347591361,-0.166654449033782,-0.138077988917623,-0.0688888481954917,0.0952197356093827,-0.175683512023298,0.107135732398598,0.1067246749032,0.116012406974051,-0.169299297208137,0.0381136204808914,-0.158079442191874,0.0671730646219345,-0.0926166201006297,0.164126399449587,-0.0784392879598884,-0.0202394487701293,-0.117229729351791,-0.125244167613613,0.0776744405365196,-0.0961685912950372,-0.0755245493152604,-0.0383983132764563,-0.140576660695431,-0.00946008530869671,-0.264216225128718,-0.189567213993692,-0.151813992048428,-0.0993255411418411,-0.138827161684862,-0.186409421048831,0.138612367064162,0.0367999148017043,0.0530856935297688,0.0775217568358913,0.171405709535266,0.353221174097566,0.062529563003971,0.0905169227717101,-0.0178454970390518,0.0149921252781786,0.309048226348256,0.14748556215475,0.155420823538801,0.122265243031381,-0.15562235282516,-0.184618200892215,0.0908187342328009,0.337531888140941,0.234857426697314,0.252142463193823,0.165236728658413,0.539321928688586,-0.0112502691924875,-0.0313507216082664,0.0289447102161227,0.128073534386757,0.263222289418955,0.336494413891967,0.0511449686045874,0.181710377197516,-0.000637078749821176,0.144141711639308,0.204498252813231,0.174070187792869,0.167008692312461,0.217190141725058,0.301800912689191,0.271469518181274,0.242486712586648,0.229003941824016,0.0160848965882861,-0.0373758931741848,0.00484136109328285,0.00854267055682016,-0.0703893660930526,0.0312949644756362,0.0415404737783075,0.00536842923105262,0.0748139270856232,-0.00362515694115804,-0.232756881782316,0.00953815271910289,0.0140012590487298,0.0394007630573584,0.0124407934999301,-0.00990890638735232,0.108835853594766,0.237479459557721,0.14654574495894,-0.0550603972325906,-0.1546997168567,-0.0968315217180263,-0.0602802995869898,0.0124818937505898,-0.307364591335359,-0.129309004401256,0.113486078242223,0.0376678044171395,-0.118347862193524,-0.212039603314516,-0.0578334931408688,-0.0572207372965628,-0.00327279660190305,0.0205276915467173,-0.00695718892703284,-0.154024292255373,0.146333938381033,0.00678540485114876,0.0159127059203045,-0.10471379408994,0.0478171210897156,-0.0972629873956332,0.216286684235373,0.330415132502623,-0.0313364908030494,-0.0415566085254812,0.231059460650183,1,0.124124716404038,0.231402555889951,0.186625693058096,0.135932357384644,0.166939411453639,0.488274605164358,0.10653190025412,0.0217621952360143,0.105503623590638,-0.0947035048181572,0.13867265634305,0.0125152432897382,0.0109402284984261,-0.0276809810351756,0.0832542657834109,-0.248361304453739,0.238846304146378,-0.0749132106421514,-0.108363523412133,-0.0215234390419346,-0.0143374074588786,0.145674476294979,-0.147461785976626,-0.121395620783216,0.0193594232879838
0.177704122765356,0.235209428305422,0.153930756630748,0.183864950021923,0.0271181885222297,0.133514370664276,0.210045214371452,0.218545446219162,0.142141503934488,0.194085180820677,0.258509690833957,0.274997964875599,0.251670578356651,0.25397626562807,0.247332787056043,0.255293276931637,0.192681318167128,0.206263602558872,0.0763043935784496,0.148764183909026,0.11305916600936,0.12743542725806,-0.0160660657785106,0.0670662135070351,0.0939120024765613,0.203128368109058,0.0348073292101471,-0.117240066088955,-0.208416896581881,0.259500320909423,0.0505204187144137,0.21731248854216,0.01367330890627,-0.129522435318296,-0.247960249629938,0.362860100573232,0.199584938745906,0.305101643249912,0.00906008286277397,0.356817090242784,0.132178974918626,0.222286676743772,0.0667765105286005,0.247814768319487,0.116283488904664,0.164255767587768,0.0830925323003811,0.143108062350432,-0.01386536472916,-0.0527147970748096,-0.165550330311283,-0.281738082542712,0.0479227038721329,-0.179416588673596,0.0193469413674719,-0.0596724119412079,-0.213526976357729,-0.261816002548129,-0.130824092051972,-0.167678213524425,0.228204324457824,0.270690369149167,0.105742843963873,0.235127284543348,0.321513161004883,0.173158694799384,0.199908667766381,0.274234867603647,0.0973021902667786,0.0959744446457536,0.216736174823208,0.239722968540679,0.131958807362459,0.072483880203171,0.0203728133219103,0.0582887501642501,0.133120185474692,0.0162676739881382,0.250454868530574,0.141901248451675,0.260393246201624,0.106416421924883,-0.0135044694475044,0.0861396271732644,0.177331206194013,0.19479170529123,0.472033813223878,0.244698868025091,0.650817469694564,0.335077065810634,0.166804597613512,0.142608310729024,0.128264701433447,0.0932608941120792,-0.0991588650850591,-0.0832121399738215,0.156486986178893,0.296936675017171,0.259627154669379,0.247873265759653,-0.0356843282446036,0.150143231923634,-0.024723441657878,0.0417948862571369,0.1234017705375,0.157799237966177,-0.0331392485535524,0.149953728994705,-0.0750033809541142,-0.00709535156817256,-0.0673802711770278,0.0824973005075084,-0.0303940936324162,0.0702246189347357,-0.117323586254263,-0.0950835455392131,0.00282256904617579,-0.0889967391770642,-0.255521189616571,-0.245742575950562,-0.116789721579546,-0.185607699384125,-0.12190562907365,0.123968088556916,-0.184429678354506,-0.102594984514016,-0.0714439262943999,-0.151193935182145,-0.126029970343544,-0.235734732795336,0.250116498438495,0.131968847375803,0.00853390236077531,0.0546242466445808,-0.177874983043559,-0.106666536070058,0.209971602338903,0.177959047674235,0.212688561502309,0.324049290664784,0.0695813002238928,0.129893042031874,-0.197303307413896,-0.162399370975958,-0.128092650769424,-0.00357357914410408,0.203032039604105,0.193397777828754,-0.146747191589858,-0.263945612850084,-0.120985893180901,-0.0406319638084338,-0.0850889516247094,-0.156361150096608,-0.245903782301982,-0.243920844435997,0.0594582953546408,0.193050770319116,0.113764204622599,0.237196668388498,0.174631666535371,0.210248385738895,0.235401716548066,0.124124716404038,1,0.359654175529487,0.129760952214558,0.127925119466007,0.218428493898962,0.158474682340183,-0.126104198637784,-0.291737305303982,-0.0759429891869634,-0.0869851293035619,-0.105920733457854,-0.269789042213552,-0.248518052156927,-0.303322200305658,-0.0960404995706139,-0.144563899205976,-0.142948683356686,-0.0207996593797126,0.235394692886191,-0.048280175537025,0.334538044870009,-0.0889957281159773,0.270033292019824,0.171334933212879,0.302530361524556
0.288321943750908,0.392789088980234,0.276212622509044,0.363725520205537,0.105741984422337,0.273466812057146,0.233631219222399,0.314468405906912,0.169986822242503,0.265321717631466,0.243146789837561,0.278074446408354,0.187115638288062,0.253450732565393,0.198421191698729,0.264346166535772,0.217527606092135,0.214259317094282,0.228874279271082,0.241331301583164,0.178738908838117,0.180368959933928,0.0578662280634726,0.0374043926003976,0.128337130335679,0.250782280306316,-0.0936813700168145,-0.0974372722728329,0.00919445232609427,0.203965609492471,0.0555537472778276,0.123912495626695,-0.212636580518319,-0.246306799052585,-0.100651000389617,0.251422418953352,0.0912052045937547,0.186288751786659,0.0356176187402649,0.177230691933074,0.00964142129152016,0.0967865146176024,0.0526535238995751,0.058432027312066,0.146150517515686,0.226601635589534,0.195840171311969,0.159409513171469,-0.175355415472753,-0.200463773974761,-0.233065541482631,-0.271443561837707,-0.0595687493084518,-0.312386450641666,-0.175842755587637,-0.230216142177168,-0.264266847071866,-0.27000700253697,-0.169233770569813,-0.191312095101544,0.305011458799009,0.349364817845578,0.147762644342284,0.238517693045468,0.437738567383142,0.298707468160937,0.267764589861851,0.313709535688552,0.0289045086319829,0.0301327254004922,0.195566167066777,0.229450989741485,0.151876312527265,0.109393242193718,0.0211545829705412,0.027236646245122,0.353057290394465,0.248406160647818,0.401324195775194,0.371652214189537,0.201796010018621,0.321294519231344,0.0108485832370214,0.276261860432668,0.32867641624428,0.328427863787739,0.535640578630243,0.557325155546506,0.463860726730681,0.737359889589137,0.217413009749439,0.213695822967791,0.180220095790011,0.149744840551847,-0.0365076785180642,-0.0473119091365725,0.0440686075620018,0.201937110732636,0.250157623496814,0.30572197099461,0.0611613675744317,0.0314892457591355,0.0517193252404918,0.110505498363844,0.162730702087074,0.167654505136633,0.0673923878008424,0.0563512449569112,-0.0942935960048033,-0.10313475135862,0.0311562651490173,9.11232165329561e-05,-0.0851428371512311,-0.0915813713497148,-0.141905262983186,-0.139268516291139,-0.0791226373305935,-0.0586727489621778,-0.314704274480459,-0.303103496701101,-0.187512778900316,-0.227758582851817,-0.042137840502457,0.143913267047921,-0.290690598903323,-0.206505576784086,-0.120555181064211,-0.22316689702906,-0.0747133211296981,-0.151712797303323,0.39741184516055,0.349828127297942,0.0442620614381117,0.236481476656191,-0.101932276638207,0.0999064013554217,0.276881162943313,0.294724054546154,0.327003708207184,0.324621942397284,0.064203709779171,0.0879199276351789,-0.184371778500421,0.0323883540131822,0.026292830498417,0.0957448595221643,0.359647025652169,0.341351738548309,-0.260593368513553,-0.218472355152619,-0.226956644789935,-0.124415616560477,0.0274852802724776,-0.0189065031052429,-0.195725413822578,-0.291924130749113,0.106681918901213,0.254558882510314,0.112409144522037,0.322819220787495,0.279602577437537,0.294462575313722,0.0262049734002997,0.231402555889951,0.359654175529487,1,0.119495461509767,0.133356567649769,0.164774986143358,0.277798162180358,-0.137255392831104,-0.344964589416637,-0.0571025922202051,-0.294112840209177,-0.155369866328058,-0.245582883502134,-0.280049267898278,-0.190205887313517,-0.0161342232325764,-0.10988201567978,-0.146648878951523,0.0984105794909546,0.231658608811236,0.0805137485318741,0.202962538830771,-0.061689326702455,0.0809789634169502,0.027670156386411,0.107407582355854
-0.113599488229328,-0.0446031197286974,0.0131615636109001,0.0991651230716491,0.135729484945334,0.15026507935185,-0.0824611279078952,0.0649940811968735,-0.0133375531388603,0.174250770471395,-0.0893634524455955,-0.0618021383778759,-0.0996666428527635,0.00916369225265226,-0.143700768777855,-0.00356318532331873,-0.0414224614687333,0.0677684792024388,0.157700605934054,0.261403346309437,0.0618030654626308,0.0526136233684814,-0.202839857005452,-0.151247655769829,-0.126922401789452,-0.175611980361188,-0.0810403299368249,-0.218029261522166,0.0401306609891521,0.00270721652507021,0.0229943790431718,0.0113281200289333,-0.105431367587354,-0.0361927947152281,0.0551834349604028,0.0107286385011389,-0.0477636035670451,-0.057639081104984,-0.0436512398925582,-0.0295479370655256,0.0389399193391605,-0.0219779802916715,0.102453325313707,-0.0664496633031159,-0.168303156847414,0.0171708915042291,-0.163170183457341,-0.0547375344027107,-0.105276236424215,-0.0658833195614068,-0.152074486639523,-0.0610502990076522,0.0830160842938753,-0.0131822910353595,-0.128212022810476,-0.174334237726479,-0.0977280520226135,-0.0228251207559664,-0.0852599602201448,0.0365920899153413,0.105620554433014,0.101609073102602,-0.0325797030803087,0.07923352578856,0.0339611417882227,0.0672038243984086,-0.0366399984718279,-0.00405042328560783,0.0169434171172833,0.0563828787251163,-0.119250501687549,-0.0198873743822269,-0.137316155234515,-0.0230610875421202,0.0192733842086896,-0.141769913318181,0.189406067744686,0.170946657232301,0.171863088836388,0.152240670915847,0.27067219363346,0.168903745265827,0.109791969759706,0.0602715748740643,0.0662069069840775,0.182354290083954,0.138328340707991,0.063364692646797,0.131835269848568,0.116064906459875,-0.0709734106477981,-0.148065677868532,0.0910714386835107,0.239276433380623,0.143327287298502,0.219951183241282,0.237991574779099,0.313028024100147,0.0919100327053947,0.0593926007464198,0.0993819469005763,0.0381258735763917,0.338048398644132,0.308069239944056,0.0896187056302242,0.219721897272481,0.148297046658457,0.167462854942447,0.112208217556641,0.0635888702546636,0.134906811514626,0.203377574248893,0.164774415610561,0.128331770392177,0.0911247487971928,0.105511601586186,0.0477204584718931,0.0678206987555123,-0.029405245393827,0.0246292242954335,0.0747724085477771,0.106998946341259,0.00990809489847639,0.0473954630912328,-0.00788714069709329,0.00855463179638331,-0.164138293809754,0.163628964106167,-0.0283921934402104,-0.0411297352472325,0.253020760766632,0.160150604642118,0.241172694782975,0.126175817853966,0.104038815588155,0.0446222828342817,-0.019578703228294,0.004446650890478,0.02234456330039,0.0421619921760863,-0.167343825799573,0.00746607430552482,0.0422237702380772,-0.00478231479511462,0.101926010428771,-0.00898246959817135,0.0319730296746712,0.021233810571507,-0.052532202927362,-0.0841694215779188,-0.119952709836204,-0.336245231634712,0.0983697759500497,0.0574877582848208,0.082326352012431,-0.089333397769196,0.145323541818698,-0.0568786308757845,0.239512883373523,0.0803951905889899,0.33862750703291,0.201239984175128,0.282623126330782,0.186625693058096,0.129760952214558,0.119495461509767,1,0.840045378665543,0.260618120726925,0.293331156476364,0.106124761423939,-0.0418971439679134,-0.0422083330419476,-0.0618885032916331,0.107840119291251,0.0602953195529621,-0.022243523065266,-0.0599286711279644,-0.058000872431135,-0.315245129540041,0.103335628208773,0.0637557259693616,-0.0456032296321356,0.119403651837272,0.0304683424907596,0.268778703425331,-0.0802537736061717,-0.0730818716759292,-0.023784930362828
0.0906873879246392,0.123690830018303,0.190661203413044,0.227749570405707,0.226653855288549,0.27146087347271,0.11940751853199,0.190509317213344,0.180677510680394,0.265859139227036,0.12846218850805,0.13584173787525,0.124612141040734,0.190507483336423,0.0894945756707042,0.18818809822169,0.130681021290927,0.217903523577547,0.242079702708435,0.341302526240514,0.212540322476278,0.198253415085721,-0.0207413394022873,0.0537557230910338,0.129798611634432,0.0562441161781234,-0.132505099949477,-0.18347341103533,0.00873691173814223,0.14292941976298,-0.0693579930795047,0.0130313895155645,-0.0960986065512104,-0.182827529340505,0.018339316643292,0.18491090171077,0.16485001540578,0.144401861789115,0.0385575437822928,0.098382707349078,0.160940331309668,0.130052633541085,0.172788294439404,0.00248100863519446,0.0445362446028207,0.180476100060992,-0.0191327277701527,0.101967410630663,-0.106726223302003,-0.181067323293145,-0.215420224219929,-0.230557984542006,-0.0204688075438789,-0.185786822456923,-0.131527570763986,-0.248093669250426,-0.129958283703423,-0.175496616752491,-0.0592647030679933,-0.0845428209714194,0.253858593914842,0.243192701836161,0.0919665161852744,0.186526766170943,0.140601004323354,0.17248467853384,0.193107680283366,0.179694084049168,0.0185990253774836,0.0463347973399079,0.0876707635984149,0.146728786125426,0.00852220894476101,0.0728336722301703,0.0527247062299541,0.0106522903007773,0.269055395804574,0.0930512139961236,0.210625529851779,0.128720747547128,0.264667016080144,0.132996525649886,-0.0361871980602971,0.0499394000580451,0.353161070851212,0.320087905101791,0.176270896568132,0.0656028631449691,0.154350275867869,0.148254262180587,0.0987468675878261,0.0142293204785553,0.147978713375548,0.288111901202965,-0.0149563268117087,0.0508664936418494,0.250627352862272,0.259985168229622,0.256599518712881,0.201363166549363,0.035989475949034,-0.0865887954680819,0.201872433147974,0.218704900326466,0.0851500670933405,0.135491591230179,0.110678874919832,0.131969321206867,-0.100874088477083,-0.109138275486883,0.0157544696123246,0.156713428343786,0.0106798628806352,0.0201517147218909,-0.112104598578355,-0.0798164345147072,0.0791543937308768,-0.0347838000774943,-0.127389197277008,-0.14174110049495,-0.0676232367547796,-0.0556272979201617,-0.0369574972955599,0.12800098692573,-0.171684873642947,-0.0274498673776942,-0.239020131469529,0.0234728159498042,-0.0932412595870107,-0.0813345306950376,0.338157906842994,0.0970358378412762,0.148304552703637,0.0729892270340203,0.000269714339569251,0.00736591216628093,0.145762141047263,0.104135725302279,0.206170978075009,0.182747619631831,-0.0253567886590251,0.1562715794703,-0.140629503171021,-0.0474097447485013,0.0686295824340131,-0.019116419436131,0.095498565496235,0.113749982722071,-0.0465311704252265,-0.149411443821686,-0.119599200271754,-0.259765420306899,0.084078136611131,-0.0979782309031256,0.0020468638781071,-0.166769781749621,0.0787786521333711,0.0649245354882695,0.143996182495616,0.0823651007508542,0.476121334755666,0.248138519907445,0.269685635282586,0.135932357384644,0.127925119466007,0.133356567649769,0.840045378665543,1,0.268660999663095,0.302829490833791,-0.0181693546653989,-0.229200874641716,-0.166562613750143,-0.0183216627906044,-0.0212855505609654,-0.0752934514178967,-0.15378310837987,-0.170137183620574,0.0180682911585759,-0.291155390151012,-0.0667609385231484,-0.0632600775817271,0.176900651426655,0.195774278305163,0.187162568311653,0.263769864540282,0.0818121549964958,0.0635803514994836,0.0150763635868886
0.0300139128788866,0.0979699663938538,-0.0148472277036262,-0.0340325242760818,0.0573148039477141,-0.0290255631060378,0.00663398758754738,0.0494763057076803,0.0196326627221962,0.00711087641260193,0.0483278312435963,0.03951075023416,0.0463042696019238,0.0665698309840382,0.0366961925736804,0.0262149097217457,-0.0401770657629062,-0.00778160604390159,-0.0766068424247434,0.00144397128830542,-0.00499608105751748,0.0301630209131055,-0.0967468560233409,0.0126394319014854,-0.0109864692634658,0.0606076312469209,-0.169749968140981,-0.0940351277572036,-0.2413227496111,0.053876651017834,-0.0351961751597028,0.124944928055466,-0.068331914597536,0.010023625388603,0.0728830923283171,0.239698971254213,0.0875404767468191,0.237768183214479,0.131027708065963,0.225056140944701,0.0687663463937044,0.221966633570222,0.0494266310551089,0.200285783049258,0.0632188195218704,0.259209732009082,0.0303273472202701,0.128998621672762,-0.0331197262575377,0.0263193613363661,-0.189363978143357,-0.0896024080710433,-0.0263177254888857,0.0118059431251098,-0.0729729884001405,-0.00635476169899485,-0.215118164861304,-0.054880611002988,-0.0724911834028219,-0.0408560524077817,0.0527381268195496,0.0866148941650899,0.00831359038542308,0.125822857133176,0.269485206281007,0.334514983231261,0.0782906329542674,0.119516352930569,0.0596208906008037,0.182015591284319,-0.00369922854590022,0.00815165265464526,0.0897640802344446,0.166989274596146,-0.023512179833132,0.156826556576467,0.106426815120935,-0.0933543953337841,0.11742552307032,0.0682194298202629,0.209326753268347,0.116966142461242,0.0227995825675503,0.0310901090849277,0.222462958154156,0.168451669437542,0.179132477918762,0.13057736361425,0.296592149931917,0.20099914598178,0.0730615152659234,-0.0261225441375151,0.194438853724976,0.149236774713439,0.0777646920936742,0.0753009584473961,0.410785806991918,0.302694134890715,0.192157835964859,0.0914646012296324,0.130084524846743,0.247204980391092,0.2001363358738,0.215965374938865,0.144381921287848,0.316944778566148,0.144688924422179,0.206024438816253,0.0734501300617693,0.068790844116464,0.130460684889856,0.238403741471767,0.161194569380677,0.182312546250702,0.0965985966015732,0.105977451926801,-0.0914937643331706,-0.168864329446268,-0.124591791558832,-0.0972433372096715,-0.0769509143694537,-0.0368701103810679,-0.0990500449963123,0.0640703106703489,-0.051619513676754,-0.101762474833678,-0.108384691661638,-0.0105649041648481,-0.0510467487617376,-0.0354288343556863,0.140408197390373,-0.0224082747796247,0.117544743625389,-0.007836564937679,-0.108881420670465,-0.0879040221909146,0.00770510077583469,0.0407845976207859,0.0440499913806456,0.104840322071696,0.0640257633547456,0.145989162499301,-0.10944022630695,-0.113729901817044,-0.0246524277419235,-0.0975176577625196,0.0369326776235382,0.0497827760868595,-0.0723209779197264,-0.031314236671015,-0.00434722706985116,-0.0365626805352202,-0.0780179111434504,-0.112612705590234,-0.157262239270874,-0.0351929064506185,0.0429472521721443,0.0931417178370857,0.227249031708838,0.241177888095809,0.175369345378768,0.134786471015826,0.362328591482486,0.166939411453639,0.218428493898962,0.164774986143358,0.260618120726925,0.268660999663095,1,0.380610831705562,0.0171161165032157,-0.0932494136097721,0.000987759569580411,0.0129027558014795,-0.0329680491756114,-0.109832885293499,-0.143142618116394,-0.155005156632815,-0.0152030210687824,-0.0134343544067647,0.066941892629078,0.0350695405888417,0.13570608003739,0.112737973468339,0.234791914755801,0.173296988807982,0.249875079216483,0.0201534497566463,0.247759042533204
0.0119974379168785,0.0183686272584986,-0.012924045213916,-0.0339614124278606,0.0501186049808579,-0.00972798451138336,0.0328420919314844,-0.0270900286739196,-0.0189699483896739,-0.0401674820679189,-0.0453512742796022,-0.0360349063580434,-0.0183340970423877,-0.0272972635695937,-0.0424536377559441,-0.0634671267097459,-0.0723272759154615,-0.0573906335450551,0.0216147483365584,0.0298808155792969,0.0302437207682933,0.0134798523439117,-0.0192525373104357,0.00241556818523647,-0.0431927363898898,-0.0326698691079312,-0.0632053161853779,-0.103672053027293,-0.0177584906891567,-0.0876452535798769,0.0425437854110467,-0.00152182266576547,-0.0567026734935761,-0.0858367743178547,0.03517915089069,0.0675808879109639,-0.0237018915268437,0.0320061710260164,0.0322424941917712,0.0571363989282813,-0.00697379801032088,0.07601794439498,0.0844158173950295,0.0939151482659585,0.0271714736819736,0.0952063726464587,0.0555525053463126,0.121286689923856,0.0465986568871053,0.0793522751606739,-0.183831093050273,-0.148571854518651,0.109978847687504,0.0253726344720398,-0.0277848100309794,0.0619711366986506,-0.187641038328873,-0.122579179618083,-0.094673904254273,0.00132836350054531,-0.00804179183951378,-0.003355286507636,0.0265089812728043,0.0382644148029359,0.315585592553133,0.246611932258361,0.0606515320039076,0.0553816165721805,-0.00813495303994853,0.0646719276726977,-0.104613516780617,-0.0883747027170932,-0.0234572081450069,0.0946597708778794,0.0763601871131082,0.0452477431415325,0.219817266317803,0.0677760550170442,0.110244498542419,0.0728277770979093,0.218071509694209,0.239417119723054,0.052705828491496,0.125011956256761,0.22900074363048,0.322358631797341,0.341892844570102,0.20714129581976,0.26829620174626,0.263667217002368,0.00749312036471847,-0.00285386029795589,0.0788981263407244,0.283538802390303,0.0740312929122628,0.0746457613453318,0.232723707709223,0.53893396822438,0.111108785354093,0.15801500923498,0.185873142358428,0.0713210800396597,0.230381840337438,0.201098804525006,0.139982060406683,0.10196662319116,0.150174254986081,0.0735235968272847,0.0243592224681866,-0.0439645984943651,0.0682420934611846,0.106521349963304,0.0218369578003751,-0.0199183120836646,-0.0124428646911508,-0.0106920311547887,-0.0553810541539232,-0.200059829664793,-0.185190619536977,-0.139247862862382,-0.152987874064859,-0.119592156077096,0.101441250741545,-0.0156294831848449,-0.00975173456884441,-0.069902021912846,-0.158170150899519,-0.129915488315297,-0.0846861664170593,-0.0364501354024776,0.115729352061443,0.0301647036844152,0.076150556220663,0.200687880201159,0.0159778841926849,0.0319205610567823,-0.0375384999424594,-0.00881842724877711,0.10626644888478,0.0532541885761646,-0.0624972435211173,-0.0326599321270027,0.0614266390024695,0.0628958205738492,0.0262690208335396,-0.173063237468541,-0.020540877333955,-0.0137269071894975,-0.151382279312749,-0.0915865316616367,0.0472535762407724,-0.00831242808165527,0.035105152156802,-0.170373137161733,-0.111200670195454,-0.156387186974025,0.0316643817598942,0.090552459007757,0.175163682127572,0.159242800405871,0.210865910517707,0.0609652165294246,0.327758822110877,0.488274605164358,0.158474682340183,0.277798162180358,0.293331156476364,0.302829490833791,0.380610831705562,1,0.0540882461423596,-0.125631412510922,-0.0625659034886884,-0.0852477907789517,0.0784188241855936,-0.117648266571277,-0.100922890504306,-0.135967525818726,0.0221745928539197,-0.120290586395881,-0.0292792358075866,0.0140060261514157,0.012504260323694,0.00468113359324086,0.122993956789405,0.0354105544632158,0.108022003272525,0.0444534061959942,0.174707354037962
-0.455468176309721,-0.406259631650818,-0.471412839454758,-0.430864348866419,-0.447737538236527,-0.457277547611784,-0.509050773007999,-0.471611925232027,-0.569261471798253,-0.511228307197117,-0.499588056799335,-0.43968726988427,-0.500108767473464,-0.417074275930261,-0.486884900998979,-0.454014760294575,-0.489428700843852,-0.401168206426808,-0.41793621092284,-0.285640866094239,-0.439840440995552,-0.416150870717538,-0.558591055459382,-0.425191057790809,-0.552331123790522,-0.438711020829172,-0.159597088685004,-0.255547117737452,-0.157616100574308,-0.474286075219674,0.0180062173716253,-0.391421442671975,-0.379425117315297,0.00525980352910031,0.186523037211582,-0.367546812973234,-0.436023110916149,-0.350106662101231,-0.210102526708762,-0.403820684565751,-0.477505285375027,-0.322641063585377,-0.392507886130044,-0.22353741096481,-0.472263697289899,-0.405717628071577,-0.442877598690729,-0.43136740102152,-0.279978647106296,0.110395008716541,-0.195114501507627,0.184181837974781,0.168782684192678,0.261749307553676,-0.253035624168096,0.040524727995681,-0.262207860287122,0.110894086834513,-0.269358682830402,0.101971010873842,-0.350925332334445,-0.319132947145726,-0.335367784019555,-0.340066487394554,-0.299560474127653,-0.244361037059763,-0.438544670876904,-0.400212655245912,-0.377506146387607,-0.414811411049712,-0.419106722820407,-0.295685482911644,-0.234907127266043,-0.00778140910416748,-0.190000850070645,-0.0262132645120652,0.315791357970343,0.344410288091948,-0.0905981308232311,0.0977290270584057,0.144325774714658,0.110387957090465,0.322101304889246,0.204662068793281,-0.296682794584358,-0.199968171491226,0.0469739331063141,0.0892139596616327,-0.0203916065192769,0.0180731228214886,-0.300078189856259,-0.368552942800616,-0.172067888004963,-0.0271803995606784,0.228461079943744,0.208151853215319,-0.00800353022036803,0.0290628418435457,-0.293405701609476,-0.360740681775541,-0.0925235605884843,-0.0882646764007639,0.236954505718451,0.117518027382465,0.0152947818527178,-0.0328972462331825,-0.102934777087105,-0.219871888516997,0.386709227714537,0.262013565858817,0.122911036489862,-0.0809170872821293,0.25057204844968,0.1148437869118,0.343704976945965,0.337031810549763,0.251052156997986,0.375751365870703,0.542089574613012,0.61035980289391,0.241320285505149,0.507582968828132,0.610341066609159,0.158946528124662,0.755569125250116,0.406005482783617,0.16529185377785,0.341817803575893,0.149618013745688,0.47200238845438,0.0116151176858891,0.134796358642866,0.245231522306085,0.361047910783972,0.416878226571137,0.261317475414613,-0.412273820792907,-0.0856216451402692,-0.339503317594335,-0.365479804013288,-0.43329819888313,-0.399472988391412,0.473614568125137,0.432855670079258,0.268028940371864,0.21298123547613,-0.295728507906996,-0.150973126691255,0.195086057541216,0.176672886369413,0.0387585821572211,-0.1508757906976,0.562269413238388,0.479851761663829,0.190591216233934,0.362513054575227,0.0685704060067006,-0.166064621628732,0.149665604919236,0.110682003807337,-0.126706849268482,0.0455715845955786,0.212610976035963,0.10653190025412,-0.126104198637784,-0.137255392831104,0.106124761423939,-0.0181693546653989,0.0171161165032157,0.0540882461423596,1,0.459555371301774,0.323711191483124,0.0919946418023114,0.392561318010405,0.776291318144433,0.498667102965938,0.465749458739849,-0.292219291023133,0.362875278561918,0.424079746749977,0.0559199205601924,-0.373258559556311,-0.104731459910066,-0.493626655665705,0.176525937540389,-0.541150900334922,-0.403508415029727,-0.2879731084986
-0.583846796619264,-0.55687922782547,-0.566445942791599,-0.548667611831546,-0.386155054844807,-0.508028397597104,-0.630933141211644,-0.581594348601249,-0.567398314949042,-0.495579053491773,-0.566725754182992,-0.575496381555259,-0.590968294388272,-0.588063519754799,-0.606617022045304,-0.56427301882151,-0.583012796792314,-0.5417093198244,-0.387177305955648,-0.345794622781338,-0.474552054051028,-0.50763035302391,-0.310193292252663,-0.328126269881816,-0.508012223628782,-0.553589454218466,0.0593564263755961,0.101978134091902,0.176336457658948,-0.401127540402008,0.0549158486922088,-0.335561880239162,0.0986393208277212,0.515698469393341,0.345902164098609,-0.51166253060644,-0.489449263206404,-0.492032816012515,-0.0527200098582545,-0.517184234853671,-0.319788307577333,-0.412806995275216,-0.146634025892184,-0.316549886654876,-0.566092645233548,-0.471405193826641,-0.575961707160371,-0.492562202525399,0.0600206090272224,0.381492279799384,0.0129996790653159,0.485714917480711,0.133018659021402,0.53524701073823,0.0856791368876343,0.342945980315219,0.0865947788786256,0.450870779470841,-0.0121841066480202,0.298607627090066,-0.506369304811444,-0.518635615631676,-0.470408209016376,-0.509446396173371,-0.55151673559408,-0.415498156488064,-0.538317863303784,-0.509948742078186,-0.133370586299948,-0.18203652150395,-0.532787739901396,-0.48998248217077,-0.490531172441608,-0.298287926524167,-0.211596534198582,-0.334170604078317,-0.212640661098973,-0.0606456166660138,-0.460668595486671,-0.225436466220315,-0.159936056484316,-0.0755644029252725,0.278476105657698,-0.173614361827023,-0.651044877495323,-0.576146449439271,-0.319422879494293,-0.264796141167493,-0.382025061691948,-0.357581246832269,-0.627499441612512,-0.575805544399205,-0.23942364807561,-0.136395821794628,0.441631563917624,0.464525904618521,-0.054962325661782,-0.106305711147546,-0.587208733719391,-0.63484783260315,-0.136736199387571,-0.045731895650426,0.21565214651429,0.0670186349284538,-0.0218100614241736,-0.0778652930327126,-0.121386788585738,-0.193680869650842,0.588452337499843,0.446240882333802,0.148778143336493,-0.0386688183498109,0.376383263389506,0.193442960355933,0.555197687039643,0.540279011107628,0.0321532708691321,0.225277653948178,0.516983165540564,0.608909189854157,0.375021362035374,0.601072181755781,0.238541264291218,-0.0941881686143477,0.682524203818987,0.410621037586344,0.330153176357423,0.496133063912151,0.329625118988497,0.423045762232603,-0.431257712651571,-0.147686877732647,0.0673137017632734,0.0635324906922172,0.329148026492502,0.0264620987945734,-0.607444059938206,-0.391644431418219,-0.482665648499229,-0.526845160144194,-0.373737650570988,-0.438186227745168,0.497384987841754,0.239906472139471,0.105919223578269,0.0872875584767922,-0.471645500359115,-0.426500625468274,0.396471363479435,0.295195657804261,0.179636871756238,-0.178147715920312,0.182022863526308,0.273653409613811,0.460105815555788,0.478328496533324,0.0076968029022113,-0.367422818506043,-0.102993701031665,-0.0604442667796285,-0.583805805674912,-0.320876726772522,0.0216364198175516,0.0217621952360143,-0.291737305303982,-0.344964589416637,-0.0418971439679134,-0.229200874641716,-0.0932494136097721,-0.125631412510922,0.459555371301774,1,0.485559316656558,0.335709893656567,0.336104843734579,0.540331051673117,0.79974734322696,0.562502019835501,-0.072930838180834,0.119087381674558,0.629765796827079,0.157358517119637,-0.490009566385975,0.000482128288510875,-0.48819461109652,0.253928348356749,-0.384915526899067,-0.182787400137092,-0.209686403385359
-0.374162418444599,-0.316962477596634,-0.328590475731529,-0.259557610174203,-0.30904211561801,-0.252683799091367,-0.454422842948745,-0.334858520057208,-0.407808340054228,-0.342326874449339,-0.356506632840138,-0.281550353550353,-0.400856045163968,-0.248259149342718,-0.415365834534294,-0.255008016392253,-0.245179048616107,-0.226277371297351,-0.0267794827007332,0.0217735462259005,-0.200088905110715,-0.217316172934191,-0.439983806089543,-0.335635674812179,-0.447840038665604,-0.33691150674032,-0.1992349113497,-0.175473516118785,0.151752356350654,-0.292410466182843,0.0833119567470288,-0.412239732212447,-0.341861357727532,0.0801909926151782,0.316092470846211,-0.239077410183912,-0.320488906910412,-0.230350663049722,-0.0553013068030508,-0.369593582568241,-0.175885321920996,-0.138663651130489,-0.0580535802645292,-0.191297290437582,-0.353218222806368,-0.249047392512343,-0.289461450225413,-0.261049587855558,-0.240828900466955,0.130078166841772,-0.180709531416876,0.229920641354861,0.0446388810105446,0.210693839781331,-0.223187837308127,0.0237033107605665,-0.202109342167752,0.160044074837075,-0.194320713134362,0.099415969493528,-0.177622990971068,-0.172258300122466,-0.186630628013048,-0.165632080934653,-0.219063596523018,-0.256863685041232,-0.258318724252715,-0.18887278008334,-0.288768799624606,-0.303682850842955,-0.277467801619356,-0.159667405769644,-0.185926470469737,-0.0160621307213189,0.125361606723539,-0.0713600579053724,-0.0651199913842018,0.0429724488127112,-0.116037727667924,-0.061962627207651,0.201949572949788,0.0585280928935827,0.0197160048653141,-0.129032145117147,-0.404831812166021,-0.456163222903186,-0.0574974498747266,0.0551751358108725,-0.0332145283033105,-0.0155417461744446,-0.188458394357735,-0.302284627469612,-0.167818098600827,-0.149810588711554,0.271252557730635,0.275999870267412,0.0539321070266203,0.0859380488725831,-0.177855903678982,-0.238577576702149,0.0418111958407511,-0.0419079939841204,0.17826671983087,0.141227215961377,0.125738653437458,0.0728212738474494,-0.0292600600085453,-0.159915731999199,0.437079433105788,0.393741511349659,0.111578181255714,0.0331048598132431,0.354453481920849,0.189851878430302,0.417241456156155,0.445682707735191,0.177272938513794,0.120880788428533,0.316675045126101,0.403138351758875,0.31981187205966,0.386988655304894,0.28839136752229,0.082539382050493,0.448040069676537,0.343232030047375,0.392961124219446,0.481773763346293,0.751163794315577,0.460421070792153,-0.131382499567218,0.00832057419984941,0.0854058300177089,0.115851322548786,0.309319091580602,0.122411755579977,-0.329788056544474,-0.0543407794784294,-0.120243914382311,-0.145727638592346,-0.160826807923391,-0.227079301263485,0.243411897289952,0.238229003284606,-0.167242012998003,-0.12757349477183,-0.220735561932907,-0.174112646183663,0.530631970854949,0.16909867091266,-0.013109327345217,-0.196892522782569,0.219116915813821,0.189966578023093,0.411717966467131,0.201230389292591,0.0513879856395369,-0.111581017309231,0.0459893647730327,0.0284098499539274,-0.206064349046499,-0.0214822077266128,0.226613110475319,0.105503623590638,-0.0759429891869634,-0.0571025922202051,-0.0422083330419476,-0.166562613750143,0.000987759569580411,-0.0625659034886884,0.323711191483124,0.485559316656558,1,0.395767224465351,0.415043283344636,0.302438921672128,0.413309039539701,0.500469100689764,-0.11732793465052,0.133467109340964,0.445324395387939,0.164135688260145,-0.21029303067072,0.0490486070388432,-0.297338114247879,0.423309204907497,-0.377422779083885,-0.349853717554668,-0.288529920619001
-0.0636940684395634,-0.114932081553468,-0.137401345409058,-0.191402606504642,-0.0951034437565367,-0.156024066314885,-0.214989970833003,-0.194267959796705,-0.0999771373172497,-0.181303418692589,0.023556533732569,0.0570713738493691,0.00551586339264658,0.0174190204274313,-0.040057690408558,0.0498379585707652,-0.0357486490366211,-0.0270522418750472,-0.112780229760652,-0.0781595792737226,-0.0421912468811376,-0.0338660239414379,0.11476217208614,0.23375460927097,0.13075337274669,0.0646424147000349,-0.0272432897667055,0.255550786545515,-0.0570572227796305,0.110501757035763,-0.351020506427015,-0.0732033119840785,0.250998837205158,0.332147767418421,0.0373644575048529,0.0666005864156153,0.066113734454639,0.123608724162922,0.115955629484033,-0.0184842700544198,0.0927805030833588,0.0350248323130973,-0.0440092151713839,-0.149448807555194,0.0573061241896418,0.087723447438723,-0.0826783400390305,0.00566895903325246,0.146333644105884,0.172940078902864,0.0670359919984793,0.221352686185629,-0.0858083679192012,0.200109124624614,0.184447270759826,0.14653492213023,0.309024769867622,0.349243024179442,0.377927629149278,0.242695505181735,-0.0150015913954486,-0.0800033833019491,-0.0295046877784363,-0.0455782720041831,-0.192950191654218,-0.0467529340673198,0.0633097819443958,0.0129728519870714,0.0476579863917661,0.135630066275083,0.106709965770373,0.158324214760703,0.0560389971679961,0.018097889180671,0.0732330098437396,0.0867702690754537,-0.148489629199252,-0.212558329460725,-0.284171568290184,-0.271983120009996,-0.0972727442206843,-0.314798039920055,-0.340030883700674,-0.468363238148691,-0.204495563602776,-0.316179559656011,-0.189029803309881,-0.155781036959696,-0.0315894979549937,-0.141295197753211,-0.149731415537786,-0.137996524150749,-0.266652264505809,-0.0618412516570601,0.00323970640285571,0.0240001954373277,-0.0153426071101887,-0.0238251005075551,-0.136713480867354,-0.135581724127221,-0.057456358063828,-0.0393054399467635,0.0329697693471947,0.0265313331738292,-0.155102950306156,-0.194416438084472,-0.0140337715767331,-0.0251082806812827,0.232114290070343,0.109732207506953,0.0260438250652012,-0.0235464687393665,0.0967150837326441,0.133588402775899,0.212409431722,0.261273602780309,-0.152327989544696,-0.310176691215811,0.0843606325151404,-0.040960905763916,0.128207737061055,0.0871604422063554,-0.127463843580511,-0.160832134007972,0.301679656035967,0.290619393443821,0.190928745120976,0.232606373614786,0.286180671265287,0.109484413221925,-0.196624984443188,-0.203179652601465,-0.201746204596598,-0.365824395418113,0.0203164870464766,-0.204328464162607,-0.0811343717784906,-0.0912578632484017,0.00857374589766896,-0.0821971645330836,0.17789717046215,0.122086381904524,-0.0897368694416131,0.00405636691645647,-0.248593452864258,-0.19607714654944,-0.172469501348606,-0.0515496215608566,0.8040998990023,0.411101512835926,0.185878981950026,-0.0213390741989187,-0.184030905081341,-0.258641359694364,0.241679507795897,0.132847765139864,-0.16959527243161,-0.0784308812375474,-0.0331516189125146,-0.198577775925195,-0.149615421904703,-0.0730218734207546,0.0189318591664347,-0.0947035048181572,-0.0869851293035619,-0.294112840209177,-0.0618885032916331,-0.0183216627906044,0.0129027558014795,-0.0852477907789517,0.0919946418023114,0.335709893656567,0.395767224465351,1,0.140675873180224,0.0828166939262812,0.255155371979829,0.294729242651894,0.356265525554099,0.124829504715601,0.213693826421619,-0.16394207923203,0.121309333548312,-0.00230095458953913,-0.0221451485120312,0.241590925398493,0.0591144862985808,0.129465140877683,-0.0188128230346077
-0.604371366666306,-0.469775562594315,-0.462287076154309,-0.333270327277367,-0.221185081031446,-0.195805238453575,-0.593718341982219,-0.424533676151813,-0.509851084157938,-0.332301494658013,-0.501167797293372,-0.3428400763527,-0.482499452833528,-0.306152852757796,-0.520568355229377,-0.303175615983358,-0.362708070967532,-0.257656322114746,-0.138692750378296,-0.0871021730983088,-0.303168383491593,-0.313171620501746,-0.47378834601078,-0.523411496568914,-0.486557310507506,-0.506710233434764,0.0452836841300225,-0.257852938646187,0.0940209963340036,-0.418414736701591,0.197456495275637,-0.352753628144045,-0.378112391136179,-0.0560677622231524,0.412641105748512,-0.345662626971241,-0.314686190094581,-0.266550063254994,-0.00505383813859577,-0.410204290265411,-0.153262805511943,-0.179017852818724,0.142635109031342,-0.0988928532426784,-0.341723688396785,-0.343513752850765,-0.279343671881215,-0.207769864743601,-0.120902319466692,0.155277658203829,-0.0194874852492102,0.149233126790685,0.190427757257318,0.242691897394433,-0.100895840350916,0.00467823717702854,-0.145149759796032,0.0928293411305168,-0.202174249301725,0.041580178518093,-0.268154515141646,-0.274717801068658,-0.28791987087178,-0.315667689602991,-0.378807890022227,-0.355185447798555,-0.435774702878045,-0.367861052709341,-0.45738946166791,-0.439712048864329,-0.353272359529285,-0.178938580694568,-0.00864220071393278,0.2608404650611,0.254030176290953,-0.0438982587580852,0.0474239272654907,0.225346945110132,0.0341779092513433,0.260585816992987,0.228020633536838,0.374139243543709,0.153018304840981,-0.0765778287807328,-0.350896773579851,-0.242103218289212,-0.0365152419538197,0.0421672525733786,-0.0812863523536081,-0.0858675223345615,-0.256779435070618,-0.367086042509331,-0.128712817784585,-0.131672426504195,0.308130398074713,0.298019582842708,0.004232644292834,-0.0341102321285282,-0.240776219076383,-0.317743497275161,0.0798350787733078,0.161905084640061,0.292995199305926,0.0598214051783509,0.17130765953702,0.107711172316192,0.180081970479306,0.000870632975176906,0.392698257600836,0.351724299372658,0.321298650800823,0.0771619973863523,0.360992885847201,0.242340398870101,0.428599961797881,0.415399604948404,0.210142041475299,0.133393615667244,0.45671870942924,0.476014766575524,0.275444393489704,0.429597495428177,0.329685100980154,-0.00873575869707137,0.486422407223297,0.208022813869252,0.136409102244763,0.304526343119458,0.224326301354664,0.406367507794064,0.0317810411269322,0.242861082651183,0.377336511009459,0.36920068130872,0.436967313196812,0.216569356767536,-0.360231786375397,0.144847550762236,-0.299152021462896,-0.276147530284754,-0.303881810241315,-0.370702879427575,0.507891146785486,0.276605658890693,-0.108129723374161,-0.145488596437472,-0.170620091120023,-0.0283495476346734,0.235730189074962,0.244052263230094,0.181931477065929,-0.0551023374951896,0.472014405470713,0.348964879125678,0.361638168832429,0.147911188796045,0.284383210406283,-0.0511014577852587,0.256397364245292,0.282241747492009,-0.259171040574153,-0.159427631274796,0.116236705900807,0.13867265634305,-0.105920733457854,-0.155369866328058,0.107840119291251,-0.0212855505609654,-0.0329680491756114,0.0784188241855936,0.392561318010405,0.336104843734579,0.415043283344636,0.140675873180224,1,0.45108137170631,0.381304206052033,0.407390496162864,-0.200534305400646,0.24231082452531,0.410494673610011,0.0831686939553419,-0.293390934540087,-0.0834771882934159,-0.369422807153302,0.355815644006233,-0.360601165961811,-0.528059205208658,-0.312899980726865
-0.562134319821129,-0.552777245242836,-0.50237086683287,-0.471265791210093,-0.385451773730858,-0.448242482536123,-0.607429063359389,-0.532860901532087,-0.560936700934269,-0.499869400470392,-0.558519264854451,-0.564969203671908,-0.561293789577653,-0.538528875793721,-0.574821011783922,-0.51772714439908,-0.519558004283302,-0.491427067339677,-0.403314067642129,-0.380216034301616,-0.494285131299207,-0.501120338949108,-0.457700027861374,-0.473214972702077,-0.5503512857268,-0.580606490686556,-0.00105800624493485,-0.103447958105322,0.0468931151181911,-0.502560342624233,0.02525727183334,-0.36191871487607,-0.262487670068131,0.137389641817891,0.226341033257196,-0.552230926798303,-0.545476763220576,-0.52822183412211,-0.20647025737108,-0.520392071289381,-0.510081756696514,-0.478528270113512,-0.382219012746652,-0.376514222314493,-0.539704055048973,-0.549531510577692,-0.548431008389147,-0.574366777142995,-0.205479002913776,0.120843398052154,-0.0281133467575781,0.300528728358053,0.198752307069886,0.330321804735067,-0.10755302075831,0.0315140225008485,-0.103249280802629,0.244011319557851,-0.145038297026019,0.182410557305715,-0.427456989884855,-0.442536609431914,-0.390280836478625,-0.491306373855304,-0.503448242168512,-0.402411791363203,-0.529823705084758,-0.529086705878637,-0.357363866556573,-0.408147670433073,-0.490580382571073,-0.419392366071285,-0.283715410188148,-0.0980968362611806,-0.198637026215948,-0.153446136914314,0.166129513994798,0.386742369709349,-0.107699401205614,0.166931932024765,0.0321049952183063,0.0822894856812102,0.421365368433843,0.152073044711256,-0.355097421093119,-0.218028855678038,-0.119133704643543,0.00833171910026633,-0.158536220569752,-0.0798769752629984,-0.412246986267918,-0.395091556577124,-0.219190879063575,-0.0996070389127255,0.333168035311657,0.290005250066229,-0.100615505020594,-0.187192863668502,-0.423877319567685,-0.468860878484401,-0.299153250208406,-0.0683444607441093,0.1907844225972,-0.0359052962732247,-0.0959774731624816,-0.100960557993351,-0.168163948304083,-0.205521203763256,0.35929766327725,0.21809454897076,0.0599775949746583,-0.17677165266899,0.190747458776585,0.00450318074425571,0.31242370505671,0.305302157008772,0.266145009177428,0.445303506563509,0.656701829270902,0.678061671870668,0.280353226668538,0.625306289771307,0.573234889067905,0.182147661657355,0.701207996594257,0.497918665386777,0.213500057310666,0.388305438250783,0.213799916712015,0.537128749141158,-0.0121826565545928,0.226716392063662,0.26220300356364,0.387506757062373,0.437375507845978,0.344340918342453,-0.476950590725826,-0.075415338368926,-0.434268517139805,-0.533149884059743,-0.504119750503894,-0.529154570286816,0.555522461216001,0.479117536738908,0.290735968623901,0.291144165214758,-0.287314154638213,-0.143027869817314,0.2585477751013,0.323081567072397,0.101294992404427,-0.0429166569852209,0.569798097033944,0.608651032470579,0.335287658019407,0.474225011065784,-0.0246089856702752,-0.224881862494293,0.126194217899188,0.0402768143489253,-0.284735255472381,-0.0945693918315547,0.0677109643060789,0.0125152432897382,-0.269789042213552,-0.245582883502134,0.0602953195529621,-0.0752934514178967,-0.109832885293499,-0.117648266571277,0.776291318144433,0.540331051673117,0.302438921672128,0.0828166939262812,0.45108137170631,1,0.616392661589504,0.564658145128959,-0.232511095705048,0.313227008302933,0.418349069696895,0.0466713589393338,-0.519963290943972,-0.191181027263492,-0.591126053542314,0.173883782354303,-0.573105472453783,-0.411499539421979,-0.411869984219663
-0.608735653546172,-0.543538300392085,-0.575835484518222,-0.539017792156294,-0.463365758132232,-0.553473689037928,-0.647965949023772,-0.565524119292319,-0.568325236252673,-0.45789508460565,-0.568391484210891,-0.566745860912895,-0.583291069868021,-0.557124362853444,-0.611619291117027,-0.543614094703092,-0.584512169436436,-0.527278833373113,-0.403421838336241,-0.359637196897187,-0.521960146551905,-0.582894538281675,-0.348632423086849,-0.387835538482674,-0.520879309894029,-0.562040505742447,0.134553806986481,0.0282108017073527,0.216224688445447,-0.356949529067887,0.0512764202460666,-0.339490702958193,0.000835616783084365,0.39318592679142,0.354046477901075,-0.516183843290662,-0.536725088463056,-0.503635759122063,-0.0538767023605805,-0.567409350716883,-0.392319817962776,-0.455690917580571,-0.0982548560882523,-0.334333576882264,-0.585725328723782,-0.530704893767075,-0.604672471458163,-0.564175347674841,-0.0792005074781417,0.286375810915903,-0.116345754431187,0.385062717599923,0.0875204404075463,0.443319309861581,-0.0340681062335905,0.231826124664823,-0.0324054176574849,0.335619737538805,-0.104476087038243,0.218032038918789,-0.517358026409827,-0.51454722004068,-0.490176758127391,-0.538380243200659,-0.581624702211095,-0.473743876211382,-0.556903928386786,-0.526203875721504,-0.212280647800051,-0.31560026819736,-0.518917405354259,-0.442588166402776,-0.434738274145308,-0.239183981159213,-0.212946021043975,-0.286028993274072,-0.0974963854207105,0.0719150650617708,-0.337226294456351,-0.115675672239349,-0.0509029591962756,-0.0689869170133358,0.314978717673518,-0.0492212792085489,-0.576730007808075,-0.466403735457727,-0.285963678710972,-0.263718047688085,-0.338481093108102,-0.305964189627865,-0.604274657347097,-0.559548001428693,-0.225806818682667,-0.207931389863515,0.459271263593884,0.456495646050475,-0.0452169941773961,-0.141033433922438,-0.59339346705483,-0.620521555075003,-0.227931311385533,-0.0520296893956446,0.255217880155032,0.0710588606282276,0.0607896299482966,-0.0480332674389174,-0.117480215980332,-0.172323267622934,0.570428442799373,0.404295592020251,0.172168565241721,-0.134986240378987,0.352525416880158,0.150500668778708,0.505537203839174,0.479008560587621,0.0651511075067812,0.269600054877086,0.5463563480715,0.624182776964498,0.436568183857262,0.669782105444769,0.28313143153263,-0.0293752955528223,0.678516200858701,0.497180343856379,0.300914090950044,0.556775759516918,0.17941920842051,0.568900045301948,-0.306283958537113,-0.0239149495957265,0.176557969083568,0.225435258439224,0.405248682178649,0.193777810151928,-0.551886842777563,-0.323836838636716,-0.495506118486471,-0.532602054273888,-0.412493293724197,-0.502287930295834,0.480310948851059,0.408031839744801,0.0452839977596735,0.126931525424146,-0.425061867477804,-0.394574713998885,0.329096356815009,0.292781182479624,0.0674695650566331,-0.205723342949801,0.36350714419896,0.402701403868941,0.470609541576385,0.379333771607588,0.00563374282801268,-0.328658754497327,-0.0368500279310478,0.00901548102364784,-0.537545285801118,-0.291872328003322,0.112327064675853,0.0109402284984261,-0.248518052156927,-0.280049267898278,-0.022243523065266,-0.15378310837987,-0.143142618116394,-0.100922890504306,0.498667102965938,0.79974734322696,0.413309039539701,0.255155371979829,0.381304206052033,0.616392661589504,1,0.659478164089661,-0.123806285676885,0.199924554474724,0.603424438710943,0.177187355757948,-0.520254821885607,0.0137121381035489,-0.496878791188203,0.193661395870399,-0.460344268802392,-0.213748837499864,-0.22499657683124
-0.367077047790283,-0.366749214691271,-0.265629281162213,-0.224881065871112,-0.171188426720303,-0.190575759789701,-0.440113359404883,-0.38826278800541,-0.368469553600457,-0.309880091922382,-0.376052070969105,-0.347366714625714,-0.383987534126793,-0.314420860196615,-0.375283156791743,-0.314376170690379,-0.240086555718023,-0.219760148657261,-0.113463865565058,-0.190197689534154,-0.196197873108024,-0.276824775245428,-0.238995044445633,-0.354776365222986,-0.351973590741953,-0.427171595580596,0.173158220685097,-0.0887745334863921,0.237930178143596,-0.348743972434946,0.00940482877614631,-0.326435279268244,-0.101701166805165,0.13632501673599,0.266618841749765,-0.450735605790388,-0.308379322834253,-0.327304097627518,-0.0907506384872068,-0.445455363547262,-0.297634542726935,-0.300542882513336,-0.20631677199199,-0.31863996663623,-0.317018508039415,-0.447266452145022,-0.358312863554643,-0.365700128480428,-0.315636209884957,-0.102385650527629,-0.0806759223356333,0.18592495675147,-0.142289924843962,0.11305476348096,-0.250375859057096,-0.168990667010272,-0.0574240927918279,0.16093643910014,-0.101002173106675,0.00961415579803861,-0.196548617143536,-0.201466565673085,-0.18365940606249,-0.258743191483457,-0.368421685277459,-0.292048097989961,-0.35118100025189,-0.330323812406603,-0.14274955572664,-0.2829294522453,-0.25019371115084,-0.165623719816984,-0.219536271767169,-0.0957621612904632,0.0044675781032672,-0.0718084579397636,-0.0250333060753089,0.210831949682204,-0.13021550116886,-0.0157708732960329,-0.0424658100124694,-0.0870621877639157,0.0706400048604232,-0.0636274115950282,-0.358059394702163,-0.27719886756927,-0.210998871641796,-0.110676918784075,-0.217956774416004,-0.135034175864049,-0.296104117358331,-0.229637368484898,-0.207354917401811,-0.205709465253331,0.0922015206072385,0.0942648149374137,-0.256441514452012,-0.255621073436529,-0.392748183855406,-0.376829782848366,-0.213245008728242,-0.182233562015862,0.0156925803220332,-0.129532392519932,-0.152448498013987,-0.304473744750614,-0.135599159128722,-0.224757341675556,0.33606463267111,0.142349464002413,-0.0454747986462726,-0.310067453033034,0.097945542361051,-0.0851382858329103,0.295491762176858,0.261563777981087,0.288743943654608,0.36109288997503,0.542679093703502,0.5630440717143,0.42329425720735,0.520908024380995,0.471448042284873,0.18680074267215,0.579974171711644,0.45848013680319,0.482860150417554,0.514219481018283,0.400073713347839,0.722367862402495,-0.148929626306579,0.081513467191633,0.0745792707991795,0.108121751606738,0.231054341352033,0.119131494447086,-0.305392441885544,-0.0581558793056661,-0.19688204882043,-0.279640241323442,-0.140284732915569,-0.303117494305384,0.263662156497643,0.288552780321808,0.0554937897109452,0.110752726600798,-0.193432132472308,-0.162965254988647,0.401523944525064,0.382000743994967,-0.0190039579691848,-0.138696684766666,0.396582822389899,0.430333766491338,0.499669030791276,0.35026073583344,-0.0107362263398626,-0.193786502995638,-0.0721888007137402,-0.0763197953114647,-0.326516241196811,-0.188194903086485,-0.0272480481182194,-0.0276809810351756,-0.303322200305658,-0.190205887313517,-0.0599286711279644,-0.170137183620574,-0.155005156632815,-0.135967525818726,0.465749458739849,0.562502019835501,0.500469100689764,0.294729242651894,0.407390496162864,0.564658145128959,0.659478164089661,1,-0.0303792295683174,0.31469441214827,0.359658562463479,0.15536488658929,-0.321384261744756,-0.0739605279751038,-0.448583380581669,0.154089605568411,-0.42706859668489,-0.340922690250434,-0.427885553122917
0.274512857075864,0.230831950521959,0.163028229629075,0.0735108556861108,0.220263553832925,0.0879248127874089,0.121130285712207,0.105213822496453,0.250682282956054,0.12057709284189,0.229237940801738,0.179784193487526,0.215007886838266,0.144040997759401,0.165331383686636,0.175858011864595,0.135662388228508,0.107201900781818,0.0590432460053021,0.0200814191679502,0.106874402580905,0.0885792519969526,0.40659085296326,0.509535183242654,0.421875304933928,0.330252483246784,-0.0581033817777349,0.43889794705695,-0.0720981925194761,0.374241091441336,-0.308797483479572,0.0438126212033969,0.365962934808573,0.288245806456548,-0.0964797999799064,0.308021212595424,0.222413744970422,0.246070369307292,0.238333767879087,0.0885802662758138,0.188152631397025,0.0277532446385653,-8.63419660132071e-05,-0.235313284132582,0.204939925151507,0.332299199865243,0.114283863027783,0.102155581232737,0.139547143864625,-0.0368848074229018,0.225860116075454,0.252453177140786,-0.355437929456192,-0.0386122579131769,0.0921816362713677,-0.0136337102197989,0.460059539013017,0.399197897143843,0.609006943504247,0.449615920764844,0.2282366603431,0.176182458244975,0.196148125325735,0.123669649952385,0.134113839264128,0.115114778578966,0.417457357984934,0.383251621425363,0.145545169099512,0.343354607430481,0.259792388671312,0.256979062234438,0.0877667893409711,0.00241105910479026,-0.085925122037284,-0.0192888240721721,-0.0374589092370573,-0.276365891354608,-0.173422722389482,-0.22223769266247,-0.231405794927743,-0.195661811307002,-0.394511057965946,-0.233817778843003,0.1472236115881,0.0587820738523651,-0.0280700259693739,0.00377423061071104,0.0600981729679826,0.0155396233445122,0.0403518618173693,0.192475413868083,-0.00188228631684674,0.0761662571449789,-0.114735125159505,-0.12345358722753,0.0407562515607751,0.0887264520100725,0.140248819573476,0.188811380451851,-0.0426102395497079,-0.00750447423952225,-0.113367528631959,-0.0687887594064062,-0.322061686096678,-0.21683048856628,0.0140805760490501,0.160924842607191,-0.0303448008072831,-0.146166761271165,-0.138820624261171,-0.0688465483828172,-0.0802797065379521,-0.0273937901824063,-0.0622189480801355,-0.0176157783055781,-0.100364868505865,-0.365323578265136,-0.239012006104857,-0.375589608218639,-0.204662193058704,-0.203287850399599,-0.313427243900786,-0.0613048178925268,-0.216678534104571,-0.0130445360119086,-0.225212011006425,-0.160983743826645,0.0314076544009458,-0.239854482191435,-0.134571119032777,-0.264186873696755,-0.342478227840137,-0.382646539553116,-0.239009815805174,-0.1160229325876,0.182773301931401,-0.0445252983196925,0.176689790206777,0.187392159646661,0.114000710998136,0.253982491270948,-0.303919082709097,-0.0868734244483158,-0.187678260397077,-0.124501719054731,-0.0777287333564804,0.0382016216900933,0.320386049862478,0.62970439781716,0.188964509950801,0.108326039182273,-0.353293188040333,-0.492719035946563,-0.0593283815400349,-0.152816278527266,-0.260373029233793,0.0287391276727983,-0.097110381324953,-0.0341281058014858,-0.0141128544923788,-0.0839641967468817,-0.0824873121426521,0.0832542657834109,-0.0960404995706139,-0.0161342232325764,-0.058000872431135,0.0180682911585759,-0.0152030210687824,0.0221745928539197,-0.292219291023133,-0.072930838180834,-0.11732793465052,0.356265525554099,-0.200534305400646,-0.232511095705048,-0.123806285676885,-0.0303792295683174,1,-0.0705935880954182,-0.0950178609336163,-0.202795732119086,0.326799872534246,0.0829400354009122,0.242970230962541,0.107093866973718,0.239281113562461,0.174041882262988,0.0370551896250891
-0.0547284965326877,-0.0436029005880772,-0.127991751914559,-0.155191154362458,-0.236799545725327,-0.211257031467778,-0.145126363515007,-0.231943613634789,-0.233567912208003,-0.33064373053631,0.0214099622618271,0.0369644028619737,-0.00244360973265719,-0.000444056649396802,0.043460019055151,-0.00185023274750602,-0.0546348797771104,-0.0465181864284356,-0.235598255230224,-0.263749083693409,-0.0746714058405568,-0.0582864793878334,-0.114318508565209,-0.0299298784731106,-0.054263971396827,0.105643972781404,-0.126370638263157,-0.0471142774490898,-0.145312266782192,-0.125036252850381,-0.109649390160659,-0.136632142145698,-0.203792853025453,-0.171092455694214,0.119819285237175,-0.0799430681422015,0.0682181577317847,0.174006383694585,0.0976269449853026,0.00309891001430093,-0.033115362284618,0.141805017006853,-0.0890047369948839,0.204940775194941,0.15263794927569,-0.0181999262084215,0.141631938775496,0.0693459429455568,-0.181910388929076,-0.0105448991404858,-0.148572455903511,-0.102488748530893,-0.109523587202855,0.0232553513502607,-0.0762520281183603,0.00315693043659887,-0.161707481703648,-0.113230118734772,-0.115074057019507,-0.158470682084434,-0.0700027095046102,-0.0407130987995999,0.0242889555419922,-0.028384669939945,-0.0223180353850321,0.132114176509154,-0.0336542830849248,-0.0200566589126569,-0.216021574429958,-0.194549102809199,0.104475825380024,0.170396144625699,0.282520641394534,0.486729788397399,0.24444102035616,0.539918824559403,0.0820135146728676,0.0227989143076646,0.0146742045548385,0.0529237929792659,-0.0599550924317023,-0.0263155664650116,0.0773066579835167,0.0877934912526296,0.0900013630119902,0.178922981219036,-0.0595401492941226,-0.0402457682461666,0.00400538336833325,0.00989591919241378,0.128494106469393,0.0715711628168849,-0.0522279369443026,-0.222898945345051,-0.12348003344838,-0.268456827100886,-0.0961089042356403,-0.239215468927231,-0.00755634489967982,-0.0846608662087989,-0.108210402565955,-0.0714897565856154,-0.194752630828471,-0.25960228668936,-0.137977097833119,-0.139116176792769,-0.119787543231439,-0.149155509101986,-0.0950279309213273,-0.0768186266453713,-0.0638659756357207,-0.18373650612017,-0.154101159183648,-0.17169438665157,-0.103623670584239,-0.102720063693804,0.170905163555633,0.0719369735851656,0.227602938292592,0.261894568361169,-0.00229758789548611,0.122296894923871,0.320392962757811,0.15160080196204,0.282539842496964,0.189448019961686,0.293839664881444,0.0458146715724898,0.108663668497121,0.313909206993498,-0.0346771706177427,0.00442119463301682,0.0436498812365143,0.14251695404075,-0.00143547475354486,0.202987144470176,0.0700721570092063,0.209280372967477,-0.0176820752571019,-0.0581762876255782,0.193148278393104,0.00451046609931209,0.197119908427523,0.339276924213156,0.140542152765619,0.214136694293157,-0.00129404129258577,0.133951030229779,0.0819901129026068,0.222466591188701,0.0413917988986878,0.319926210365083,0.218276765237228,0.14820399828574,-0.0765709497913655,0.216712129752523,0.0542740282782875,0.260220041848314,-0.0342138499007961,0.0264733043384797,-0.10067460206189,-0.00617377533178803,-0.182985933790482,-0.248361304453739,-0.144563899205976,-0.10988201567978,-0.315245129540041,-0.291155390151012,-0.0134343544067647,-0.120290586395881,0.362875278561918,0.119087381674558,0.133467109340964,0.124829504715601,0.24231082452531,0.313227008302933,0.199924554474724,0.31469441214827,-0.0705935880954182,1,-0.0219600740267916,0.0398420083107552,0.0450521669345706,-0.0520739319449094,-0.138688073585452,-0.0764496719927375,0.0159482663018972,-0.180423826476215,-0.0452761505404748
-0.7178019756883,-0.54293613271618,-0.706145531893074,-0.597479040313662,-0.41229390952599,-0.527932893661362,-0.738242263532551,-0.493881635650044,-0.630073617753391,-0.412762691476496,-0.694437423525152,-0.603411388831293,-0.732863979163701,-0.625419106590474,-0.742135948202801,-0.598153458106242,-0.743298527907122,-0.629711646831356,-0.464279321503317,-0.328514043661383,-0.670720775515828,-0.608838667296707,-0.543573263272751,-0.472485526765372,-0.631816062609542,-0.623094307609703,0.0300325781997397,-0.0772752333309666,0.00771002918164588,-0.327357878185067,0.209860988580961,-0.307307476084391,-0.158418659600821,0.447461135443586,0.351491167180945,-0.385706002670355,-0.610886583312121,-0.49402537034353,0.00143870760933489,-0.495411982192379,-0.344946133436635,-0.42983933181587,-0.00735263054156439,-0.310895304502694,-0.670253877232572,-0.376495217506179,-0.558302201155555,-0.54096390085542,-0.0112237002868059,0.468370743795537,-0.190034791543801,0.490892526809613,0.187738838365367,0.566643389050511,-0.0453824135454242,0.373064660807552,-0.123870665353703,0.441869287223592,-0.116122310667046,0.366812315545086,-0.549828003977697,-0.487508039423991,-0.630995796104864,-0.491456396136617,-0.51209692767615,-0.402159703182648,-0.595665054284755,-0.502574570250742,-0.289446981947753,-0.223419580224536,-0.679766023039436,-0.489654704971758,-0.514090247389488,-0.268433573611575,-0.209110096667088,-0.373188141201974,-0.127860920332089,-0.0688581646615256,-0.335684959332651,-0.0385687600650688,0.130453085384317,0.165116296409904,0.177651797956679,-0.183255159948396,-0.638732388201751,-0.610791282661114,-0.25264720399316,-0.135596367847385,-0.265541538768745,-0.240975007466004,-0.714314561785573,-0.689327495714021,-0.230608649680388,-0.0520344957003346,0.689919522868963,0.733281888694005,0.165575698789969,0.158530688107259,-0.563983938436883,-0.629312141288925,0.0488034924730097,0.207298199442343,0.504762699372012,0.481770687472859,0.27392536935004,0.313777184421806,0.0502399099220282,0.0285273105247692,0.927167458510151,0.847105625705417,0.476801457467242,0.292597431019734,0.741261838965959,0.537732906334207,0.919879896318407,0.913892592357119,-0.105051569675515,0.125618306907988,0.452016234671621,0.517066184001752,0.323321973314734,0.618986939453092,0.136440411742879,-0.123308374043711,0.579178033869396,0.228272288892202,-0.122139064961141,0.50213967838137,0.198172856356674,0.247346090230433,-0.290284600559133,-0.0565434467992427,0.208790328394652,0.212013863123079,0.419679989166054,0.0667105430491218,-0.687589817710832,-0.285977206597055,-0.608154415007229,-0.44504140019238,-0.509201955063974,-0.395851696284414,0.472689587687147,0.210303778451397,-0.226165300011209,-0.172460410712106,-0.524353433044916,-0.360016512434651,0.30579178375451,0.256792051701302,0.0615593697352355,-0.351852201318514,0.292545843103879,0.295214203451683,0.41183714880295,0.298207654185774,0.0504832185399227,-0.353871880364701,0.0933187700370306,0.17029654411155,-0.509475847316198,-0.12216746542339,0.218149078669327,0.238846304146378,-0.142948683356686,-0.146648878951523,0.103335628208773,-0.0667609385231484,0.066941892629078,-0.0292792358075866,0.424079746749977,0.629765796827079,0.445324395387939,0.213693826421619,0.410494673610011,0.418349069696895,0.603424438710943,0.359658562463479,-0.0950178609336163,-0.0219600740267916,1,0.0714533798955791,-0.469184236299705,0.0574386527705666,-0.384921420491882,0.400170124623253,-0.442901660445239,-0.280159713487847,-0.102609139328261
-0.140375455010934,-0.0224708845166281,-0.133411059185253,-0.0825370794455633,-0.114837602713571,-0.123125763111125,-0.109842316807082,-0.0946719477539385,-0.14109084790474,-0.117058655193767,-0.0770989174547375,-0.083647649412409,-0.136116149975829,-0.0904021202176079,-0.0864927819619846,-0.0670144864114371,-0.096319796556538,-0.132182653397615,-0.0184174086874442,-0.0718905696607259,-0.105365982762041,-0.163267542494301,-0.0805428930116518,-0.217876201368024,-0.13048206599028,-0.112975091539628,0.15270748454817,-0.128147338024665,0.370215942706285,-0.046871956947012,0.349857165322489,-0.138761160202067,-0.273294720987419,-0.105128783777126,0.430990068724702,-0.000865220832995233,0.000840552211573112,-0.0128855214653613,-0.0291982407145081,-0.164667804091425,-0.0935010273894396,-0.0524192474430717,0.000572229361328517,0.076139343642964,-0.141287732027728,-0.0134295927247659,-0.0617455705153347,0.0808621152713644,-0.259383921832396,-0.0119157100721535,-0.146944891035246,0.021330957943165,-0.190680724972027,-0.0282060377193635,-0.256130023719801,-0.0875377885299754,-0.242350286144107,-0.0979446703737588,-0.245956650791408,-0.0949902790248178,-0.0684556343379192,-0.020908790943352,-0.129909452411813,-0.0488993171431035,-0.0221517104824375,0.0190714895515883,-0.143275208338033,-0.0810447826695392,-0.136801027410996,-0.237772151540836,-0.0637814315388272,0.00555655920313134,-0.13908854950037,0.118336778691234,-0.0263758115937727,-0.00288068316590477,0.0546046980064944,0.0974782502022348,0.0756499528955999,0.118894138314476,0.145212567856084,0.0624357554789185,0.102251898664532,0.051113521477442,-0.209675905611799,-0.124670388294121,-0.0292783704840155,-0.0518568443268942,0.00860062229140052,-0.0021049240908007,-0.14855050533883,-0.168772360649716,-0.0369242725710854,-0.366193811002602,0.113031980442578,0.0405198744664972,-0.0254245875685045,-0.149251851061139,-0.170400335648287,-0.23691675404245,-0.0223224794186034,-0.117061184352795,0.0900526786213304,0.0265764018380269,0.230351337340747,0.173653654634551,-0.14318657941262,-0.158316124128943,0.128545757431665,0.134400695878271,0.0764156590385453,0.0617825876431698,0.0600846752604324,-0.0493317341361938,0.105900332337271,0.0981129221035393,0.0275946615995717,0.100369370192881,0.0911494481845561,0.188990386696642,0.246340017869924,0.192761470718147,0.099187927611215,0.109431100648446,0.0310302937200718,0.0211223252509541,0.147058578227981,0.152756138682838,0.12881269248319,0.110734751527232,0.0589454369598073,0.104870800375214,0.204640367504108,0.161421509578596,0.111737986659362,0.202685058535547,0.0280340238951507,0.113317380147475,-0.0939066012564144,-0.0243101067973814,-0.0577409685153543,-0.0344959182383794,0.0953774693135894,0.255891313209251,0.103870918910578,0.078968001197906,-0.0173271840982184,-0.0403159832437472,-0.174552287204948,-0.0310170928737794,-0.159116646673099,-0.102362697243837,0.162083923861365,0.185282708660668,0.219528215740213,0.118616612498819,0.186634729202754,-0.0345818584590416,0.123863847049973,0.0752388000688124,-0.0710440568484219,-0.0551226056533919,0.142055855479084,-0.0749132106421514,-0.0207996593797126,0.0984105794909546,0.0637557259693616,-0.0632600775817271,0.0350695405888417,0.0140060261514157,0.0559199205601924,0.157358517119637,0.164135688260145,-0.16394207923203,0.0831686939553419,0.0466713589393338,0.177187355757948,0.15536488658929,-0.202795732119086,0.0398420083107552,0.0714533798955791,1,-0.00199763337370775,0.173650260414268,-0.0286277225745062,-0.047707876158995,-0.117937929177833,-0.280607321240936,-0.087061755313271
0.676770416305893,0.750678542809944,0.534897835620381,0.555379491425361,0.204231531642888,0.390026888679459,0.557920968830715,0.476546095069751,0.465092963138433,0.332518919283495,0.788656797270406,0.781979548377326,0.709099993176661,0.781425418243521,0.73356176572348,0.799073866986293,0.642041198847109,0.664016527226727,0.337992538998429,0.368774308483361,0.506658778413795,0.524405467592115,0.369825118001373,0.586103273191361,0.683248666163195,0.795268237777983,-0.248563277458486,-0.0733276777663593,-0.144134127479074,0.635928404847138,-0.152768550516406,0.0948366799274355,-0.0707908462997137,-0.385561336747768,-0.258530225061999,0.860744793882325,0.729726001848796,0.86479895267605,0.16813157175305,0.563351314456422,0.512086843983661,0.578393301493501,0.138602498053803,0.29491097431128,0.689716362676587,0.659412820381318,0.57077971911577,0.57263397823802,-0.0529998957994671,-0.290189010197146,-0.167065679484968,-0.430957427901173,-0.284911074286951,-0.512278488976403,-0.0845493554412021,-0.279134753979148,-0.069085946446899,-0.37922902815884,0.11683077142856,-0.214708942254498,0.698540243024549,0.713529501152231,0.549226668556637,0.631305803716265,0.574290986136203,0.505106346916715,0.807268147990972,0.809331543215716,0.091678262577796,0.149616016652606,0.815499737233852,0.868812361682398,0.600926358376521,0.473336269095935,0.325727697027038,0.518473163995489,0.294124539512481,-0.0377657810436423,0.343898456113302,0.0657943666071754,0.140675588646018,-0.0682622199104186,-0.241064306132128,0.155430285457375,0.498752827584387,0.340564411180033,0.268954322753959,0.0976513478174572,0.42252642785715,0.288395590952774,0.614550372672339,0.515693179575614,0.208661592514359,0.184178089714797,-0.434476184909245,-0.477534599017413,0.122061404116277,0.125206273440573,0.656457172931922,0.607189541532469,0.126826210204051,-0.0663744529491171,-0.223908845857481,-0.090068658120655,-0.0465384101687714,-0.0383563789886557,0.0847980604305541,0.19071665550264,-0.469062542857623,-0.341281754071767,-0.196934654497152,0.0823597238545084,-0.242798177341049,-0.0311174962439766,-0.414065543631188,-0.378265245904523,-0.144188094125136,-0.477155453860181,-0.526972506261949,-0.709006242801386,-0.316122245034711,-0.603130471865218,-0.361987440289555,0.233790073408629,-0.477198616804102,-0.17539802498196,-0.022659744545643,-0.20646104863604,-0.0593040898836692,-0.35778392448563,0.366206964611867,0.0540514639965708,-0.193401529029213,-0.149925469373233,-0.444148981206489,-0.113722467301542,0.781538256847945,0.557367215068105,0.676476270531946,0.761617284107954,0.579872610909273,0.651468180703661,-0.556808595014924,-0.124658916505508,-0.0797554491089781,-0.0538640349048904,0.454630401511691,0.570792368365093,0.038382891830791,-0.167714800191641,-0.149221033236378,0.153106378365487,-0.339152523716859,-0.509298686303785,-0.322467738939734,-0.471477241095439,0.0501244923635137,0.515979709062912,0.0565498541148044,0.0598861257868652,0.46954727347012,0.345430314692016,-0.124844569621726,-0.108363523412133,0.235394692886191,0.231658608811236,-0.0456032296321356,0.176900651426655,0.13570608003739,0.012504260323694,-0.373258559556311,-0.490009566385975,-0.21029303067072,0.121309333548312,-0.293390934540087,-0.519963290943972,-0.520254821885607,-0.321384261744756,0.326799872534246,0.0450521669345706,-0.469184236299705,-0.00199763337370775,1,0.182599319107219,0.62401029139643,-0.10761777445049,0.510861839952285,0.21618826902832,0.0705478176982203
0.0766240952822593,0.129227030306528,0.0542690009679466,0.0628903956475146,-0.0181712845715478,-0.00421467507883786,0.11681965324833,0.157466372080902,0.130076169009606,0.149618416256451,0.0805045982652474,0.119243156809715,0.0865579070457887,0.156533614305122,0.0700551748190188,0.123174913266873,0.0894862922144449,0.123382237338649,0.174300903067011,0.252164096420298,0.0579597064956179,0.0118667249703463,-0.0145646624543761,0.0859860651301136,0.0312404176814662,0.132412158193965,-0.124127756170945,-0.0299699969126289,0.234053358371131,0.292287554724358,0.09185261124231,-0.0703682566601643,-0.178980735245871,-0.184228191416457,0.323390925727419,0.206984722377082,0.0125930362332603,0.124813444668887,0.154031585426965,0.00588970631198264,0.123886849684393,0.158113976467885,0.212074840458648,0.135087803495094,-0.0430403218269239,0.104544770965668,-0.0401271305636682,-0.00910452717415185,-0.298731815722242,-0.165283003240432,-0.284012218573109,-0.212425339054352,-0.214195024172831,-0.242536403211584,-0.327714880442044,-0.118851341857996,-0.342288591039633,-0.265101150464036,-0.269746396058094,-0.202265742017631,0.0460051015113842,0.0319785910968386,-0.00665105694058706,-0.0133861242520912,-0.0192502559098465,0.0132179943732062,0.174782707903043,0.211592115630305,-0.151487683693015,-0.0943962514821581,0.0468972697736198,0.0941409857451882,-0.032234587967686,0.0320288244896635,-0.0222505012415011,-0.0758174852290686,0.115157485158948,-0.161432705341854,-0.0688911088451374,-0.0855914207300175,0.0583285110416321,0.121470148986306,-0.0665662434332411,-0.0549674360739021,0.0302689228548467,-0.0207293056385558,-0.0301986132039603,-0.1476711257564,-0.0772338991977728,-0.0446872242818339,0.0414609508460266,-0.00388638132446765,0.12747401620437,0.0206805438848593,0.0762221331831663,0.00501042617152369,0.255428618275636,0.16056389178393,0.135535511954182,0.0976927746280005,0.19978799472729,0.153246863424587,0.15808184517009,0.164955735001787,0.216523774843556,0.264571323843552,0.254594370888771,0.184973493579123,0.0860853383825079,0.00443665102481763,0.29216905147977,0.22155662746887,0.252517023462798,0.247978999155348,0.0826084970282292,0.0597975454853117,0.219057222368383,-0.0709232351847832,-0.0718541054178094,-0.139634514904575,0.199817951700492,-0.0816942705260653,-0.0862210202339894,0.0863685762970098,-0.0977724146123804,-0.0437577928601247,-0.0792226778648218,0.134826157498883,0.132946858386056,-0.0295717813413794,-0.038462063062807,-0.12269396386852,0.0553447279025725,0.0496064153376133,0.135423302855492,0.0912518776021374,0.030400247448731,-0.00350751901979317,0.147080682430511,0.179100332213512,-0.115042953390647,0.0354834489293579,-0.01439558112383,0.0722224026544998,-0.0672184223934902,-0.0337989357853292,-0.0119576012006751,-0.155605283346884,-0.0243227930406176,-0.135268745560333,-0.132530227673471,-0.203057117489235,-0.127434913379485,-0.150984995059661,0.207906983854529,-0.0705378199082911,-0.0319120341701141,-0.145234155489246,-0.0704846508666365,0.124675546922859,0.0966838059930288,0.0651579215320895,0.141985804695602,-0.0215234390419346,-0.048280175537025,0.0805137485318741,0.119403651837272,0.195774278305163,0.112737973468339,0.00468113359324086,-0.104731459910066,0.000482128288510875,0.0490486070388432,-0.00230095458953913,-0.0834771882934159,-0.191181027263492,0.0137121381035489,-0.0739605279751038,0.0829400354009122,-0.0520739319449094,0.0574386527705666,0.173650260414268,0.182599319107219,1,0.103540365430256,0.278654998683999,0.0427629445672418,-0.0957013385161894,-0.0313629916988439
0.552039347341604,0.609277100961852,0.487405421658831,0.453239116265441,0.387898191467171,0.396789259546682,0.560125056292566,0.515149167076374,0.497018875699039,0.421249405383765,0.643524666184456,0.649176749669409,0.615549155441672,0.60488076289088,0.622354652058061,0.627505403731863,0.484304387978665,0.46832769365359,0.266287428270534,0.303075972625683,0.456431312321062,0.496166298545267,0.393749787294179,0.49776841914538,0.537898454939647,0.643726292543809,-0.149140256727097,0.0771475300128771,-0.157761093420591,0.624364261055616,-0.152364104127147,0.407252939824908,0.126061642968708,-0.1953309636622,-0.154947100298709,0.82877108900261,0.627513877933706,0.709307212741787,0.249781144638175,0.683127987944264,0.55323137945141,0.51942395453518,0.193524337078469,0.389124756549813,0.553586830084214,0.61664872809234,0.450309815885303,0.521892656161977,0.0780186565769444,-0.129407496524898,-0.118350319087844,-0.319011976086478,-0.190856004101785,-0.342932833708632,0.040256474815149,-0.105314937522914,0.00582962784726781,-0.26935673008042,0.149161607093127,-0.136385690036477,0.478810987737196,0.507186355862891,0.514409389103776,0.531612281525947,0.608484718149412,0.558539735449787,0.623747763183584,0.609703470791293,0.266457092410447,0.40665613221904,0.562891023514905,0.501751366218528,0.393550955633886,0.280782648871431,0.245919716981022,0.398861332342467,0.0649687312480695,-0.172422586275945,0.259954497634144,-0.0124566556295988,0.089560583365719,-0.11919957370102,-0.18407362422194,0.124172158300929,0.432098618101417,0.277897063752423,0.217913289400887,0.0155381974905459,0.414447992992788,0.248528810942488,0.444158719054883,0.453868354550891,0.21637069790776,0.290768173501096,-0.315021309607687,-0.347692637300278,0.219668410399169,0.181049334470632,0.496843959396652,0.507226122448359,0.0879554945888626,0.0515908800309417,-0.184602522356543,-0.0550770324422615,-0.124563393873482,-0.0065342556159459,-0.0145077206024009,0.215375331317083,-0.366230764141157,-0.230255848322882,-0.156478165490794,0.182997210802775,-0.239323690540336,-0.0749060793185247,-0.303257523905986,-0.281678210411824,-0.288553197445578,-0.484024967993487,-0.6058643771337,-0.641179784844443,-0.430886442596794,-0.452201377749674,-0.424294159036558,0.00307754944332886,-0.556824456130542,-0.219536422111437,-0.195062963900414,-0.257144610136644,-0.132051105935697,-0.329772780053573,0.229931896922033,-0.0255274398988049,-0.132232028987243,-0.211142010119337,-0.383584013025665,-0.161523160320177,0.556080141159762,0.252418162177049,0.503880052592023,0.564974420266377,0.415220202477739,0.591729594735767,-0.4434202814032,-0.238434935115746,-0.0642262504933195,-0.0377058690723983,0.302608700044349,0.298828561568859,-0.136298002931684,-0.216369045966666,-0.0666061677455238,0.15106720909651,-0.446157591909674,-0.492099993065174,-0.39645598144123,-0.43068037711316,-0.0132163263616715,0.437322426774128,0.02589330343345,0.00581358617833559,0.406204161087283,0.262551100804899,-0.00534541682941709,-0.0143374074588786,0.334538044870009,0.202962538830771,0.0304683424907596,0.187162568311653,0.234791914755801,0.122993956789405,-0.493626655665705,-0.48819461109652,-0.297338114247879,-0.0221451485120312,-0.369422807153302,-0.591126053542314,-0.496878791188203,-0.448583380581669,0.242970230962541,-0.138688073585452,-0.384921420491882,-0.0286277225745062,0.62401029139643,0.103540365430256,1,-0.0643993472276311,0.775128680698315,0.312380744240589,0.36922582660919
-0.236351174338851,-0.145028416490677,-0.190002915516343,-0.101550016671886,-0.0522628044152542,-0.0580329150921949,-0.283497501816232,-0.0346762508582777,-0.15092652315119,-0.0428473533475759,-0.239289898184836,-0.12513048873934,-0.274863384807907,-0.0949903038853481,-0.32381428467866,-0.0913122823172359,-0.226867030417936,-0.0938470081990984,0.0161511383171081,0.143578973368273,-0.1889501514606,-0.18879128687386,-0.324331364435382,-0.205115090612613,-0.255155738450683,-0.233993879737298,-0.351416941163634,-0.12738691658306,0.0218713564012737,-0.0201223139070217,-0.0516459602673012,-0.149266859823397,-0.233802032256042,0.111378234322471,0.35970341253503,-0.0104454289057606,-0.209610954756447,-0.113947900395794,0.220966603881201,-0.198956785648859,-0.0633639526060777,-0.0850882933962553,0.060192669977652,-0.211729913593422,-0.268146820480629,0.00476883480197842,-0.243193088377869,-0.208556771617522,-0.231764009092765,0.118367721684469,-0.180606082926086,0.201926626226458,0.0198278591823326,0.140085720731321,-0.24629272275098,-0.0241186017842815,-0.152419070947884,0.178143065351417,-0.0708415773407177,0.199888944187566,-0.0607628944794885,-0.0807279859136815,-0.184924715631213,-0.203557425839203,-0.190605063588953,-0.161597878828533,-0.043851377151328,0.00115621476544274,-0.334168128331885,-0.127130579811362,-0.202014040016047,-0.0662277262018981,-0.0726960723159465,0.0474651571323996,0.0210076177531633,-0.0915393923300106,0.0303520811688616,-0.0694048951314919,-0.0422954393821063,0.0569757495211658,0.301980077993557,0.157412243040718,-0.0576640819411421,-0.0898582748562986,-0.199979815027546,-0.27112924737334,-0.0873647126972426,-0.0405228387482434,-0.0883904907744877,-0.0909175663989295,-0.160135443076702,-0.301454061715139,-0.0666450868573023,0.146893681240251,0.359959638185448,0.390822646973185,0.296857316777091,0.182550831742436,-0.0203625180767939,-0.122010997282982,0.15597490548007,0.18937965781146,0.355588104617152,0.260439208054557,0.158628643246494,0.171443961281814,0.15340151833155,0.145993804819498,0.368804212116052,0.288549256265143,0.307247040436749,0.167637138644067,0.404090561458482,0.341364290494416,0.368307078287456,0.394758145739699,0.182007118005875,-0.0588711373423672,0.197128883479155,0.134946209240184,0.0283186263409509,0.251265796562511,0.00911563568156678,0.00644464332044632,0.234445717853138,0.273769611055467,-0.114102777235059,0.335551677029014,0.390716784566128,0.227829020808486,0.0169438333277427,0.0284523467752912,0.213937421850553,0.0821722950755081,0.336209604702545,0.153419767126887,-0.238045010284747,0.0279986316239477,-0.039062709421203,-0.043817558749011,-0.300439155237428,-0.0684549177307275,0.120942778011122,0.13869367865588,-0.159286317321776,-0.137890913388701,-0.201566853778578,-0.0665251021185892,0.387468165641128,0.141568967285485,0.0599208469154915,-0.259949946427329,0.0738927474432253,0.000391961551249608,0.224531876759626,-0.0128055903974939,0.0711106013107219,-0.116853141216418,0.181529198868669,0.171037392433585,0.0027467325108422,0.0497128485268452,0.198770978084056,0.145674476294979,-0.0889957281159773,-0.061689326702455,0.268778703425331,0.263769864540282,0.173296988807982,0.0354105544632158,0.176525937540389,0.253928348356749,0.423309204907497,0.241590925398493,0.355815644006233,0.173883782354303,0.193661395870399,0.154089605568411,0.107093866973718,-0.0764496719927375,0.400170124623253,-0.047707876158995,-0.10761777445049,0.278654998683999,-0.0643993472276311,1,-0.204737443339549,-0.336006738442212,-0.263126035675843
0.451490146776822,0.404264180076253,0.400182767921455,0.307234335219123,0.326390704440124,0.336888152311018,0.526326482406235,0.344980111091431,0.435394558625955,0.29852011690829,0.627214650014968,0.580366098452804,0.639932722533917,0.53468012402233,0.643084631858535,0.561724589799239,0.44335721211681,0.386063607760009,0.145804769057058,0.158149718221725,0.473121941470517,0.5313701813596,0.513288767468217,0.564867221712247,0.591374855146823,0.599924275313906,-0.0347522691364823,0.191194075336487,-0.21697083363363,0.511029269855886,-0.287168379636378,0.489605057799395,0.397412829026473,-0.0879014870360919,-0.138265755346922,0.597614853543896,0.666197342424158,0.669317677751778,0.347905681372159,0.822542459627494,0.59460574263621,0.691012626233801,0.25227366219637,0.596484294348262,0.609330715836791,0.574538913187326,0.490886445152604,0.586596452209812,0.297173859638624,-0.0489452062578777,-0.0231394293366794,-0.385971558000563,-0.0978225164415128,-0.228406091486195,0.331326538974748,0.046397592244053,0.119098613381032,-0.240564728582995,0.211390428183391,-0.216372393067416,0.285367812590856,0.271342836698955,0.437283947774471,0.457208628422187,0.531441598826301,0.610029965776686,0.457404748762299,0.396870184178059,0.3819687488435,0.502087300022755,0.499696407457579,0.356957522548104,0.3452328988526,0.245419035479986,0.295914136273408,0.40091603256122,-0.15853677378793,-0.279412296995852,0.0580959494949468,-0.0922640059097559,-0.162275304979387,-0.169567654960502,-0.320109583800675,-0.106694240812375,0.474068382423833,0.359671660861417,0.103559966360223,-0.0506493304530697,0.344497196634403,0.158630866099092,0.442617268895904,0.522017403517666,0.175077421077349,0.157415689537979,-0.421468087101227,-0.44923767863535,0.177603131606327,0.0638796476935108,0.416419345478878,0.478804869490042,0.00558358212754346,0.0884341373421537,-0.279289648582508,-0.152776235116057,-0.23570231553043,-0.0880031350120002,-0.0202594485693015,0.229461492880587,-0.421853449128782,-0.36032154235053,-0.243257220812814,0.10389653359645,-0.365765120398332,-0.180556073346016,-0.380052015621926,-0.370061659756532,-0.23742789819225,-0.483364332883043,-0.523914681915045,-0.584655474934695,-0.380452534804451,-0.469572163858161,-0.40426322411871,-0.136956105665735,-0.48977764187661,-0.298947696817401,-0.0525966385558832,-0.350610827972085,-0.15577368322278,-0.405266148751793,0.0532074184262374,-0.145909526150678,-0.24776917449372,-0.350309747367015,-0.489231987197505,-0.354259656071215,0.438339738728294,0.153793844270573,0.362136327872212,0.308554931765158,0.52568287226408,0.56398951778557,-0.431291960018604,-0.337632866580688,-0.0295203258120538,-0.00907217014546697,0.205500599686813,0.235070784364298,-0.147176793095091,-0.150456875940822,0.0907202826607428,0.306668409995128,-0.489136995275245,-0.538261767603962,-0.379125892402803,-0.248494924652046,-0.00909769064890216,0.363819122406691,-0.190374318661879,-0.0528466513060996,0.302751903045652,0.132988266617792,-0.120381292233891,-0.147461785976626,0.270033292019824,0.0809789634169502,-0.0802537736061717,0.0818121549964958,0.249875079216483,0.108022003272525,-0.541150900334922,-0.384915526899067,-0.377422779083885,0.0591144862985808,-0.360601165961811,-0.573105472453783,-0.460344268802392,-0.42706859668489,0.239281113562461,0.0159482663018972,-0.442901660445239,-0.117937929177833,0.510861839952285,0.0427629445672418,0.775128680698315,-0.204737443339549,1,0.43248354295629,0.53646585680589
0.429900115090489,0.295499701890162,0.368325258039448,0.223352903209064,0.285782183765885,0.160458999471766,0.430961980272072,0.283627757756978,0.412080256583331,0.306687123208776,0.393900348703605,0.256134866844257,0.433027845538553,0.207741486243004,0.414325342135013,0.226710033072453,0.249620425698496,0.14654759316853,0.0262449309947712,0.000669893012075644,0.251012202022809,0.296162504032928,0.580207816167369,0.599119453484847,0.536217058554612,0.433593348348638,-0.0241009261359988,0.403332380634418,-0.113247910049227,0.319233962405,-0.434658558013762,0.38320096198034,0.6222904359741,0.299183324775484,-0.299177265652936,0.217048439421787,0.36406738815904,0.203068099284747,0.235975944722828,0.388513262561719,0.266765409744118,0.132622866434245,0.0527961874657126,0.12418997391794,0.393247217746429,0.334889787413552,0.17505169800738,0.20972679636508,0.562473087823161,0.163892212552919,0.000862448240388954,-0.131265489667985,-0.000148782245742365,0.0125656717042904,0.476252941536223,0.315849150647381,0.27790691175869,6.17679451721572e-05,0.333516076017018,-0.00113398339582037,0.108067341251873,0.0752087337791178,0.176520300705926,0.256629034912454,0.224589350370397,0.329369656653721,0.31328437926282,0.229509222223369,0.584174617979027,0.547437062786605,0.26046071223627,0.0776327392036771,0.0832731540787637,-0.16427516974666,-0.0397014651438303,0.102437632231085,-0.156513016494464,-0.244073383307004,-0.163116572150252,-0.305495297385225,-0.31122617176664,-0.344688486678826,-0.0980591803408163,-0.0719478040151953,0.241577707588689,0.172627917661106,-0.0526238841904223,0.00687074700007327,0.0876510793305101,0.0434735152070363,0.0975823238970966,0.230268655804376,0.0543570374613129,0.169419065706548,-0.116481893698604,-0.0503944537859345,-0.0130353520636184,0.056155379045255,0.100246623216582,0.208808782359335,0.0276236569409243,-0.0487890269263027,-0.176614756635174,-0.103202308527753,-0.116226910255661,-0.132755631607873,0.044096758629117,0.127086656706914,-0.276101242348954,-0.240614426763484,-0.198732417106605,-0.0674440409609284,-0.266939338571716,-0.139296962011592,-0.321177919499894,-0.291799889483246,-0.329558241514514,-0.261625879944793,-0.539200519805077,-0.502980900961471,-0.358932103180735,-0.418382524278665,-0.335505538002158,-0.143837113144942,-0.400124081316391,-0.234995810365564,-0.130927174675194,-0.330815595464126,-0.287290612430439,-0.410103353882922,-0.150112865060529,-0.218376404654061,-0.367328725518651,-0.467815058845281,-0.459098524273696,-0.378331033373535,0.183095804648228,-0.236308802070792,0.158223747409179,0.0827429552819586,0.391539827192862,0.352952494935142,-0.310115429070978,-0.383287755573447,-0.00911285672418806,0.0996678354115369,0.0423392667993315,-0.036903716578516,-0.0550999529663192,-0.209798637201152,0.128954511847043,0.217638124884792,-0.469877700982506,-0.364779496624391,-0.288820884780145,-0.222554214680718,-0.215839124372917,0.115435966727439,-0.208204747938715,-0.241712957189404,0.0506822645064172,-0.0153483021165878,-0.171337962946741,-0.121395620783216,0.171334933212879,0.027670156386411,-0.0730818716759292,0.0635803514994836,0.0201534497566463,0.0444534061959942,-0.403508415029727,-0.182787400137092,-0.349853717554668,0.129465140877683,-0.528059205208658,-0.411499539421979,-0.213748837499864,-0.340922690250434,0.174041882262988,-0.180423826476215,-0.280159713487847,-0.280607321240936,0.21618826902832,-0.0957013385161894,0.312380744240589,-0.336006738442212,0.43248354295629,1,0.487613926837123
0.159177750371224,0.148344375944638,0.0579679227300667,-0.0658349586165971,0.141186401056988,-0.0144020653476262,0.225208650715818,0.190728863916558,0.155525462508021,0.189392781339726,0.16836987179225,0.133798308386606,0.208403476319854,-0.0148710209790726,0.232303958311384,-0.00401134944858786,-0.044160425919947,-0.0828177382729647,-0.28738955874749,-0.188951296312486,-0.0092952415633343,0.113852445006358,0.286502385562979,0.364477302022518,0.248584945619362,0.276977420195614,0.0297913109973899,0.352823605544924,-0.350227292160046,0.282121787025995,-0.151823693674243,0.611485379531905,0.441683857344009,0.259786547281411,-0.0820167057641138,0.231848377588234,0.235810971591016,0.214452080540537,0.261614675656669,0.527870313075503,0.138506376982544,0.245591308204762,0.0636689503883194,0.433737381181447,0.120750180796694,0.297593850460435,0.0432386624183999,0.29137578293967,0.354050555272801,0.30307938296051,-0.124216319783841,-0.0956248109852586,0.0442227129856233,0.155780188433322,0.385875076027914,0.387277059799408,0.0699768133486367,0.0169388484400314,0.149043961202123,0.0238467602490595,-0.141661823022281,-0.124592466269194,-0.0178133228556754,0.13606009426842,0.211953696227962,0.358336708783574,0.0342009662760044,0.0435808484911474,0.377965002843541,0.564934292096402,0.0260695864958705,-0.0891293039241576,-0.13913406380072,-0.121280009915548,-0.0777654427234696,0.147046315918168,-0.177202798539578,-0.411188753378112,-0.248710494078006,-0.220615120393223,-0.258388360594829,-0.112772452761358,-0.196695278539171,-0.212960892341374,0.191644378339475,0.148643117303526,0.0586256919179337,-0.00959488880063448,0.200659252404311,0.0266745434310808,0.0272097592786516,0.0901979231258214,0.00307650434452051,-0.0116733096043099,-0.0178734463237366,0.0133788628197921,0.0805406335378936,0.12875575073545,-0.00641693030937315,0.0743365584426685,0.0671059986442148,0.109703786811043,-0.00126491462112781,0.164595680297199,-0.0158315513090121,0.133064154532037,0.140958383630942,0.230514381777049,-0.0429798018275817,0.0161192303966889,0.0244939187075651,0.223820025517424,-0.022296225486215,0.0863072569595917,-0.085666322350763,-0.0710514856020445,-0.383587502970586,-0.359739622938754,-0.427439471188352,-0.254503613205117,-0.365045230176591,-0.224322975951805,-0.397510809933737,-0.321396954210249,-0.313699563612745,-0.278272589600251,-0.266539116875039,-0.288286085347606,-0.341314739338881,-0.426556519225099,-0.153302709346295,-0.302777952199433,-0.307647317071596,-0.347635566614037,-0.320006415507541,-0.384002647191665,-0.0254977272951508,-0.240227950844314,-0.122361211631509,0.00452479445950155,0.162551508568621,0.292393838129932,-0.178652644127446,-0.299415060093228,-0.075802743882439,-0.0211720973566957,-0.133953958161117,-0.140479188355183,-0.254210658071852,-0.174825315126336,0.116678051541543,0.139109168568731,-0.298211346082783,-0.370204731818494,-0.321558020494815,-0.0130032910978278,-0.149272823619288,-0.0119703745702611,-0.237140388462004,0.017715050105475,0.0409301225557555,0.0149201293629256,-0.0311147477930082,0.0193594232879838,0.302530361524556,0.107407582355854,-0.023784930362828,0.0150763635868886,0.247759042533204,0.174707354037962,-0.2879731084986,-0.209686403385359,-0.288529920619001,-0.0188128230346077,-0.312899980726865,-0.411869984219663,-0.22499657683124,-0.427885553122917,0.0370551896250891,-0.0452761505404748,-0.102609139328261,-0.087061755313271,0.0705478176982203,-0.0313629916988439,0.36922582660919,-0.263126035675843,0.53646585680589,0.487613926837123,1
